Segment: 1-312
1 0.03333333333333333 0.1276589418924875 0.11642649604966067 left
2 0.06666666666666667 0.1310878469901467 0.12139920013913959 left
3 0.1 0.12398607370658997 0.12057656759842925 left
4 0.13333333333333333 0.1241248335892074 0.11989159590505606 left
5 0.16666666666666666 0.12286754155198729 0.11934731893826753 left
6 0.2 0.12226165595114641 0.12026633857905827 left
7 0.23333333333333334 0.12527260164285636 0.12150337839688977 left
8 0.26666666666666666 0.1229007806179473 0.12168408383879795 left
9 0.3 0.12364625954768423 0.12045646919551982 left
10 0.3333333333333333 0.12281721086096985 0.1229338677109332 left
11 0.36666666666666664 0.12238988997410928 0.12125287933514067 left
12 0.4 0.12382861081489488 0.11630582022757513 left
13 0.43333333333333335 0.12591028190092407 0.12181019223514482 left
14 0.4666666666666667 0.12618336238479388 0.12450987981518225 left
15 0.5 0.12499612017081402 0.12708341853484972 left
16 0.5333333333333333 0.12302000018398701 0.12693467407229106 left
17 0.5666666666666667 0.1202036943593581 0.12542060312041595 left
18 0.6 0.11293043296549521 0.1167170147094336 left
19 0.6333333333333333 0.06249465437803248 0.026573207246529163 left
20 0.6666666666666666 0.024345963135591373 0.03231912351175202 left
21 0.7 0.026394503601215355 0.02878239615895344 left
22 0.7333333333333333 0.032903901276955146 0.02487240736654061 left
23 0.7666666666666667 0.07858852987609816 0.06229863156278554 left
24 0.8 0.0964223860937292 0.08632381998236675 left
25 0.8333333333333334 0.10576612381042498 0.09984647522068064 left
26 0.8666666666666667 0.11705152399932699 0.10897436891304606 left
27 0.9 0.1217874427241969 0.11210123089009133 left
28 0.9333333333333333 0.13088924164391505 0.11396054049446379 left
29 0.9666666666666667 0.1295833287113065 0.11634919343738294 left
30 1.0 0.13304739974012925 0.12018581016197284 left
31 1.0333333333333334 0.13526029421905503 0.1266647845899386 left
32 1.0666666666666667 0.13831578434724187 0.13029006782399594 left
33 1.1 0.1401554929972226 0.13092854190137798 left
34 1.1333333333333333 0.14007779466594603 0.12958004480389396 left
35 1.1666666666666667 0.13795512140999966 0.12999222015587802 left
36 1.2 0.1357886581771932 0.1282191655951289 left
37 1.2333333333333334 0.10560842462280111 0.10948935691740463 left
38 1.2666666666666666 0.08602530247953863 0.08245955484452756 left
39 1.3 0.09539758117435257 0.08672207323936419 left
40 1.3333333333333333 0.1082179131194814 0.10126347630542841 left
41 1.3666666666666667 0.11690629164199995 0.1123390920851179 left
42 1.4 0.12241120303296942 0.11311879434563324 left
43 1.4333333333333333 0.1224875040090174 0.11105030124131124 left
44 1.4666666666666666 0.12601847642938935 0.1166160013771386 left
45 1.5 0.129379204368283 0.12097154026817929 left
46 1.5333333333333334 0.13030268771909184 0.12241460091294964 left
47 1.5666666666666667 0.13101844365926613 0.12884064718725918 left
48 1.6 0.13361498737389438 0.12873676294647704 left
49 1.6333333333333333 0.1345163985491343 0.12954589490333634 left
50 1.6666666666666667 0.13590811606550754 0.1294884423463408 left
51 1.7 0.13686888026475608 0.13089855748874862 left
52 1.7333333333333334 0.13792692943647514 0.1334801807107084 left
53 1.7666666666666666 0.13486081298603445 0.13240282999927877 left
54 1.8 0.1357046388345646 0.13173847731307753 left
55 1.8333333333333333 0.13443080884988315 0.13150539571193992 left
56 1.8666666666666667 0.13400294099809498 0.13145254407978404 left
57 1.9 0.13439390341865196 0.13257032954562464 left
58 1.9333333333333333 0.13478198402940064 0.13123633281316677 left
59 1.9666666666666666 0.13494104984844058 0.13024980723489235 left
60 2.0 0.1356691029528821 0.13003258127011594 left
61 2.033333333333333 0.13088867121797537 0.12894721166307282 left
62 2.066666666666667 0.11195475395890896 0.1064258776716152 left
63 2.1 0.081153011372249 0.06575382836966258 left
64 2.1333333333333333 0.08089766429216645 0.06772015048276567 left
65 2.1666666666666665 0.09947729050001156 0.10064536987333968 left
66 2.2 0.11147589674390247 0.10974019930037632 left
67 2.2333333333333334 0.11947346816074564 0.11582291868865388 left
68 2.2666666666666666 0.12325299141027068 0.11306884926539572 left
69 2.3 0.12461024225099254 0.11753273001882858 left
70 2.3333333333333335 0.12444000724595665 0.11752203234152261 left
71 2.3666666666666667 0.1259438839672434 0.11805929489473933 left
72 2.4 0.12520743486276345 0.12495759707865163 left
73 2.433333333333333 0.12845323033578973 0.12536532764857988 left
74 2.466666666666667 0.12583352056368635 0.12418304181399664 left
75 2.5 0.12876749682953553 0.1256307944847748 left
76 2.533333333333333 0.126248507735806 0.12394129276027585 left
77 2.566666666666667 0.11179273595812063 0.10603399825037584 left
78 2.6 0.07817589406451558 0.07572449922105516 left
79 2.6333333333333333 0.07580345787520672 0.05404634651854752 left
80 2.6666666666666665 0.08086956306218096 0.08036891586909038 left
81 2.7 0.09857031091664245 0.09979662209329493 left
82 2.7333333333333334 0.1157966498617631 0.10190894286567918 left
83 2.7666666666666666 0.11834180377111479 0.1143859173027827 left
84 2.8 0.12414886896159712 0.11399104008048284 left
85 2.8333333333333335 0.13016207499941027 0.11981959130018324 left
86 2.8666666666666667 0.13129786579908007 0.12248694976053676 left
87 2.9 0.1307171922628892 0.12405187418322255 left
88 2.933333333333333 0.13276683908543552 0.1261906308377087 left
89 2.966666666666667 0.1329199086111573 0.12754475349436414 left
90 3.0 0.1336092050633963 0.12910435449204463 left
91 3.033333333333333 0.13253050950553613 0.12767935443969375 left
92 3.066666666666667 0.1324686739753023 0.12609863093398527 left
93 3.1 0.13356839571950174 0.12693303924246546 left
94 3.1333333333333333 0.13273217532082382 0.1280468493610029 left
95 3.1666666666666665 0.1338321991789659 0.12847407348013815 left
96 3.2 0.13317986379570607 0.12642330652257977 left
97 3.2333333333333334 0.13540922182323145 0.1265717294691492 left
98 3.2666666666666666 0.13319670643900214 0.1274954245483051 left
99 3.3 0.13371055568648868 0.1275379358151423 left
100 3.3333333333333335 0.13138925858826367 0.1269052332649404 left
101 3.3666666666666667 0.13185583926711897 0.12702099883890916 left
102 3.4 0.13053178894576845 0.12761756173781832 left
103 3.433333333333333 0.1316921081842562 0.12697389968475567 left
104 3.466666666666667 0.1310813007544008 0.12608022020710322 left
105 3.5 0.1091578717096658 0.11365560254652535 left
106 3.533333333333333 0.06582699142952173 0.07624180177819519 left
107 3.566666666666667 0.07544074401336452 0.07693827234622981 left
108 3.6 0.0895837434928691 0.09450372598347155 left
109 3.6333333333333333 0.10569369734012575 0.1032809643140334 left
110 3.6666666666666665 0.11529728880502009 0.10516403273878025 left
111 3.7 0.11910061582515896 0.11225124394966544 left
112 3.7333333333333334 0.1234493786788994 0.12060525212244481 left
113 3.7666666666666666 0.12286848010552401 0.11998131882947649 left
114 3.8 0.12601517579928984 0.12025186341786145 left
115 3.8333333333333335 0.12559587117064697 0.12138649817530218 left
116 3.8666666666666667 0.12535982146846922 0.12261329522767084 left
117 3.9 0.12555567650637742 0.12371934811786606 left
118 3.933333333333333 0.12466099838947195 0.12439907380757392 left
119 3.966666666666667 0.11391710502277927 0.11044932719326479 left
120 4.0 0.07326174966481432 0.08339155249439827 left
121 4.033333333333333 0.07367987257077235 0.06134007338784524 left
122 4.066666666666666 0.08464252419518845 0.08271857285901231 left
123 4.1 0.09906216860056488 0.10112959124672202 left
124 4.133333333333334 0.10556739470265603 0.10294121069428815 left
125 4.166666666666667 0.10172804113658003 0.1028205388250979 left
126 4.2 0.09442268863704038 0.09403162392351434 left
127 4.233333333333333 0.09227189462517596 0.09408387668526083 left
128 4.266666666666667 0.10423665662559009 0.10023565424132418 left
129 4.3 0.11244752721348862 0.11268423725290252 left
130 4.333333333333333 0.12142229325553022 0.11857571242814581 left
131 4.366666666666666 0.1207341162488739 0.11725247233949211 left
132 4.4 0.12675942627461714 0.12123548402461358 left
133 4.433333333333334 0.12486374271137515 0.12034566166451834 left
134 4.466666666666667 0.12326575506924546 0.12163187174797054 left
135 4.5 0.12309300127608323 0.12102416173165544 left
136 4.533333333333333 0.123853232403209 0.1222610055644789 left
137 4.566666666666666 0.12494456593810466 0.12134599126224867 left
138 4.6 0.1227285066986683 0.12225044121979459 left
139 4.633333333333334 0.13064582747200557 0.1284626260757392 left
140 4.666666666666667 0.1323883033507667 0.1287303145374761 left
141 4.7 0.1324564528065802 0.12956763355775847 left
142 4.733333333333333 0.13079636304653278 0.129315629428219 left
143 4.766666666666667 0.12936399945684435 0.12908490828805017 left
144 4.8 0.12926534294633882 0.12865696264329904 left
145 4.833333333333333 0.1017706260308859 0.10426523670564754 left
146 4.866666666666666 0.038904176556783195 0.03041988391328066 left
147 4.9 0.030418108590033997 0.023177954620318658 left
148 4.933333333333334 0.02817564013123193 0.023534095333050235 left
149 4.966666666666667 0.027874169677059947 0.02172970141116581 left
150 5.0 0.02938799185141096 0.024682619141247364 left
151 5.033333333333333 0.04253350823448951 0.049559028659215555 left
152 5.066666666666666 0.08207519349013066 0.0819088551159593 left
153 5.1 0.10607120984155352 0.10392907478201095 left
154 5.133333333333334 0.11951605108345552 0.11050944320933609 left
155 5.166666666666667 0.1277833536637933 0.1129853194050335 left
156 5.2 0.12894126982455476 0.11288600207065595 left
157 5.233333333333333 0.13118856816786167 0.11210102050033947 left
158 5.266666666666667 0.1335156157906328 0.12637615181496387 left
159 5.3 0.13764150103894204 0.13005689493549377 left
160 5.333333333333333 0.13960197854354345 0.13126986023926704 left
161 5.366666666666666 0.13481996919311406 0.13185714761330725 left
162 5.4 0.1351436235600435 0.14262972835312396 left
163 5.433333333333334 0.1358766603214122 0.14416188870612917 left
164 5.466666666666667 0.1357218100932412 0.14230024471821057 left
165 5.5 0.13229729484303662 0.141307011509238 left
166 5.533333333333333 0.13125434834270505 0.1420580074876457 left
167 5.566666666666666 0.13130184837566616 0.14361625268989453 left
168 5.6 0.13094800708648588 0.14002084753999533 left
169 5.633333333333334 0.1330026697786826 0.14078164533009588 left
170 5.666666666666667 0.13576866066856996 0.13844525677557182 left
171 5.7 0.1348099772357796 0.1407161657781088 left
172 5.733333333333333 0.1351146099181916 0.1398991356654204 left
173 5.766666666666667 0.13388618032977684 0.14036522937215523 left
174 5.8 0.13207076119291025 0.1409690840304606 left
175 5.833333333333333 0.1292685589255518 0.13692871367944784 left
176 5.866666666666666 0.11650888430752808 0.108983701092214 left
177 5.9 0.07029089061177457 0.03167384163367409 left
178 5.933333333333334 0.06600364076735936 0.053304178534426434 left
179 5.966666666666667 0.08638471717975162 0.086546757878816 left
180 6.0 0.09558467757368273 0.09803825449732086 left
181 6.033333333333333 0.0985263301059411 0.0940093186533903 left
182 6.066666666666666 0.11498677264023326 0.09925327658273446 left
183 6.1 0.12174517379878763 0.10121013217781907 left
184 6.133333333333334 0.12603511068867362 0.10636061911381668 left
185 6.166666666666667 0.12870897164559678 0.12173394384408404 left
186 6.2 0.1258825880608819 0.12455640943730638 left
187 6.233333333333333 0.13504376114228656 0.1338643856191573 left
188 6.266666666666667 0.13784407019957257 0.13997047272467225 left
189 6.3 0.13693384614024712 0.14073267725019034 left
190 6.333333333333333 0.14190235325413486 0.1436656718130148 left
191 6.366666666666666 0.143900930087522 0.14362450750076405 left
192 6.4 0.1447105494942251 0.14205327819044514 left
193 6.433333333333334 0.1456683072692541 0.13982136751427918 left
194 6.466666666666667 0.1377839625824724 0.13737130926005464 left
195 6.5 0.13968837149694605 0.13601991831186885 left
196 6.533333333333333 0.13933906851246955 0.1368874335957764 left
197 6.566666666666666 0.13586214874565083 0.1329500961575938 left
198 6.6 0.12496228061702569 0.12145825186122655 left
199 6.633333333333334 0.0779046646086248 0.06645255289435349 left
200 6.666666666666667 0.0265052849402947 0.018976174120811092 left
201 6.7 0.023584200427215977 0.019023384253022746 left
202 6.733333333333333 0.02405340173975284 0.015837474722847248 left
203 6.766666666666667 0.028497660449391435 0.015984115630058224 left
204 6.8 0.05941094744629309 0.029909502608049286 left
205 6.833333333333333 0.08265546478888547 0.08635858548845216 left
206 6.866666666666666 0.09263061581911208 0.09501997603073663 left
207 6.9 0.10066116436418986 0.10037482686426916 left
208 6.933333333333334 0.10556285019106093 0.10398256578149441 left
209 6.966666666666667 0.10725884347952012 0.106215651348885 left
210 7.0 0.11047225186334021 0.10923980891290429 left
211 7.033333333333333 0.11289091881174391 0.11665965758616068 left
212 7.066666666666666 0.11921711990697186 0.12099722781771836 left
213 7.1 0.12196044431934712 0.12059480389676758 left
214 7.133333333333334 0.12534200148119148 0.12213503980353625 left
215 7.166666666666667 0.1260459748981255 0.12249103507647197 left
216 7.2 0.12588202054745043 0.12405298081546139 left
217 7.233333333333333 0.1270923023553727 0.12390589069888673 left
218 7.266666666666667 0.12804946358942543 0.12442943882920052 left
219 7.3 0.1273603150244302 0.12539287112176978 left
220 7.333333333333333 0.12914323952651302 0.12533876327359156 left
221 7.366666666666666 0.12841093130191558 0.12377275997041719 left
222 7.4 0.12517123108801104 0.12198217555809225 left
223 7.433333333333334 0.12071899448462002 0.11929175841979685 left
224 7.466666666666667 0.07882601061573805 0.09145142924417814 left
225 7.5 0.03288463560859935 0.04065745893643879 left
226 7.533333333333333 0.06962144390448363 0.0877328784548313 left
227 7.566666666666666 0.0873026265237138 0.09851823623562961 left
228 7.6 0.08902475601671529 0.10223937559251944 left
229 7.633333333333334 0.09491122580480997 0.1053554165173589 left
230 7.666666666666667 0.10272453419275251 0.1083937061730127 left
231 7.7 0.10468114370286755 0.10918476369315169 left
232 7.733333333333333 0.10805907317869182 0.10909266971354208 left
233 7.766666666666667 0.10982120123333822 0.11005073179382181 left
234 7.8 0.11270725669882173 0.11112868128507881 left
235 7.833333333333333 0.11360946878966784 0.11164576576082491 left
236 7.866666666666666 0.11339239854283119 0.11296614035262936 left
237 7.9 0.11580181416471934 0.1130581095643082 left
238 7.933333333333334 0.11575802184732734 0.11365054268187935 left
239 7.966666666666667 0.113541304399485 0.11288918413519887 left
240 8.0 0.11029695962172333 0.11261834612172161 left
241 8.033333333333333 0.09834359894465917 0.10156672420313254 left
242 8.066666666666666 0.1134550177270735 0.1172238700912994 left
243 8.1 0.1203130383679883 0.11912357386615208 left
244 8.133333333333333 0.12392813265012143 0.12070061766659772 left
245 8.166666666666666 0.1230294818731231 0.1199539823156508 left
246 8.2 0.12518351363900954 0.12087491939663741 left
247 8.233333333333333 0.1250034634776896 0.12053975523320064 left
248 8.266666666666667 0.1108509594238901 0.11153221555751788 left
249 8.3 0.028394863567771888 0.02127646425385515 left
250 8.333333333333334 0.02394289792597988 0.020256852096185027 left
251 8.366666666666667 0.06685585658071153 0.048735472536368125 left
252 8.4 0.08782777391313179 0.09435766912512569 left
253 8.433333333333334 0.10403808939494019 0.09999259024247975 left
254 8.466666666666667 0.11713363771540737 0.1121779493451923 left
255 8.5 0.12433937791740175 0.1155383147869604 left
256 8.533333333333333 0.127233997367268 0.11833170211931851 left
257 8.566666666666666 0.12818473188863228 0.120994877411572 left
258 8.6 0.129597222036219 0.12245628224355701 left
259 8.633333333333333 0.1296049912648652 0.1227110475453421 left
260 8.666666666666666 0.1305010381200631 0.12329748385027343 left
261 8.7 0.12929734533770318 0.12302766164067212 left
262 8.733333333333333 0.12986720860554365 0.12290463813845957 left
263 8.766666666666667 0.12881280402589523 0.12225804429878487 left
264 8.8 0.12972667186015394 0.12349824309355306 left
265 8.833333333333334 0.1280655489617842 0.1223650121054661 left
266 8.866666666666667 0.12941743328731328 0.1233365207382525 left
267 8.9 0.13123254026992068 0.12361227908658079 left
268 8.933333333333334 0.13021652697361782 0.12348398829130969 left
269 8.966666666666667 0.1318120159535158 0.12291381273637644 left
270 9.0 0.13110733672399325 0.12372498110418349 left
271 9.033333333333333 0.13061238970469832 0.12333483858966397 left
272 9.066666666666666 0.12960552359777694 0.12370444567102151 left
273 9.1 0.1297776118871444 0.12388927304571988 left
274 9.133333333333333 0.128970635575793 0.12504237994726217 left
275 9.166666666666666 0.12907754384999326 0.12375390869398108 left
276 9.2 0.10837258106412845 0.10918593618680691 left
277 9.233333333333333 0.0849097881699425 0.08922846335395045 left
278 9.266666666666667 0.0821227523399395 0.08886199661427739 left
279 9.3 0.08906231326318895 0.09672551090491145 left
280 9.333333333333334 0.10363476911513618 0.11183061657026978 left
281 9.366666666666667 0.11108058904871461 0.11130627129917611 left
282 9.4 0.11781040407222503 0.1140299827627448 left
283 9.433333333333334 0.12239854957904256 0.11747396328114403 left
284 9.466666666666667 0.1254502323860095 0.12086583712179935 left
285 9.5 0.1272481254318588 0.12106504494324449 left
286 9.533333333333333 0.12845657107734065 0.12180505974185542 left
287 9.566666666666666 0.13272812846483267 0.12480182477780717 left
288 9.6 0.13523438753821038 0.12468746458720328 left
289 9.633333333333333 0.1344697481746218 0.12665813925703187 left
290 9.666666666666666 0.13373579189212512 0.1250310569231505 left
291 9.7 0.12022416566002966 0.11731544187706966 left
292 9.733333333333333 0.09362858323182861 0.10630739262055036 left
293 9.766666666666667 0.059381465569066365 0.03753469951929272 left
294 9.8 0.05122729566972905 0.03496204576866182 left
295 9.833333333333334 0.06028312641587151 0.04988983979439925 left
296 9.866666666666667 0.07137814941877847 0.07781359079157814 left
297 9.9 0.08123495749195529 0.09204838097077532 left
298 9.933333333333334 0.08755356332063349 0.0979204367493329 left
299 9.966666666666667 0.09322518626574139 0.10132336182138388 left
300 10.0 0.09468401170325297 0.1038820145668177 left
301 10.033333333333333 0.10155488380803915 0.10559360013713864 left
302 10.066666666666666 0.11322091863340024 0.11270465664679827 left
303 10.1 0.11809931802071898 0.11228948352249946 left
304 10.133333333333333 0.12038111174631413 0.11284302292718557 left
305 10.166666666666666 0.12120172078886426 0.11293805524393204 left
306 10.2 0.12104187714864162 0.11408090675423208 left
307 10.233333333333333 0.12081958959814484 0.11327676859484928 left
308 10.266666666666667 0.12155570183902326 0.11635007907031909 left
309 10.3 0.122299940055029 0.11728809205517525 left
310 10.333333333333334 0.12340488513559568 0.11757659563589677 left
311 10.366666666666667 0.12619980418451326 0.11736602358946534 left
312 10.4 0.1268336981854623 0.11694378050387187 left

