Segment: 1-372
1 0.016666666666666666 0.16615698934177267 0.1369647085480962 GazeDirection.CENTER
2 0.03333333333333333 0.14434463942504272 0.1348803403985577 GazeDirection.LEFT
3 0.05 0.1371607214904637 0.13474020472489237 GazeDirection.LEFT
4 0.06666666666666667 0.1389240681934864 0.13613359011200207 GazeDirection.LEFT
5 0.08333333333333333 0.14072591755122948 0.13870190810317035 GazeDirection.LEFT
6 0.1 0.13782799917754543 0.1341257675269327 GazeDirection.LEFT
7 0.11666666666666667 0.1404814043674639 0.13460168693342942 GazeDirection.LEFT
8 0.13333333333333333 0.1352069521075505 0.13656884964858615 GazeDirection.LEFT
9 0.15 0.13966916001416943 0.138344642460795 GazeDirection.LEFT
10 0.16666666666666666 0.13997170207851478 0.14132013446247113 GazeDirection.LEFT
11 0.18333333333333332 0.13538826091501158 0.13970424993747083 GazeDirection.LEFT
12 0.2 0.13271803892289827 0.1365321735048184 GazeDirection.LEFT
13 0.21666666666666667 0.14545722966786903 0.1364367823991512 GazeDirection.LEFT
14 0.23333333333333334 0.14404583295117096 0.1342551664959673 GazeDirection.LEFT
15 0.25 0.13689534278598045 0.13459735212389598 GazeDirection.LEFT
16 0.26666666666666666 0.13983560385670443 0.13739859599650206 GazeDirection.LEFT
17 0.2833333333333333 0.13848038640161722 0.13774010843405132 GazeDirection.LEFT
18 0.3 0.1399621907503196 0.13542577235834163 GazeDirection.LEFT
19 0.31666666666666665 0.1414822379535941 0.13435075319031378 GazeDirection.LEFT
20 0.3333333333333333 0.13884440743529156 0.13652977023933255 GazeDirection.LEFT
21 0.35 0.13813879849980407 0.13781784042791745 GazeDirection.LEFT
22 0.36666666666666664 0.13733842516204386 0.1370663688913515 GazeDirection.LEFT
23 0.38333333333333336 0.14080206204860307 0.13921004525462302 GazeDirection.LEFT
24 0.4 0.13724990557467837 0.14213645829115854 GazeDirection.LEFT
25 0.4166666666666667 0.13730871536160644 0.13810281317332224 GazeDirection.LEFT
26 0.43333333333333335 0.14153051185056112 0.1376770791573216 GazeDirection.LEFT
27 0.45 0.13971939893944302 0.13783433694357353 GazeDirection.LEFT
28 0.4666666666666667 0.1413185969121056 0.13708984781566924 GazeDirection.LEFT
29 0.48333333333333334 0.1385295645188243 0.13852401691010477 GazeDirection.LEFT
30 0.5 0.13666516101094497 0.13758657431190832 GazeDirection.LEFT
31 0.5166666666666667 0.14112315808882964 0.13612009727231955 GazeDirection.LEFT
32 0.5333333333333333 0.13945584495150773 0.13989171735184536 GazeDirection.LEFT
33 0.55 0.14204432357052083 0.13713119652954264 GazeDirection.LEFT
34 0.5666666666666667 0.1402730274371382 0.13672039076029868 GazeDirection.LEFT
35 0.5833333333333334 0.1392788143999674 0.1436301096400345 GazeDirection.LEFT
36 0.6 0.14071305347071345 0.14055727680799598 GazeDirection.LEFT
37 0.6166666666666667 0.13949925395520266 0.14195788052267666 GazeDirection.LEFT
38 0.6333333333333333 0.13935599779701266 0.13743006883835907 GazeDirection.LEFT
39 0.65 0.13917084933466867 0.13837682406066174 GazeDirection.LEFT
40 0.6666666666666666 0.13666014354538475 0.13941545463969773 GazeDirection.LEFT
41 0.6833333333333333 0.13932495498547887 0.13631085713406355 GazeDirection.LEFT
42 0.7 0.14168973592033485 0.13086015508963098 GazeDirection.LEFT
43 0.7166666666666667 0.1361201661965611 0.13249995325136565 GazeDirection.LEFT
44 0.7333333333333333 0.13026959434555505 0.12740734493630493 GazeDirection.LEFT
45 0.75 0.11168716378654335 0.11104204631713308 GazeDirection.LEFT
46 0.7666666666666667 0.07885147991323456 0.06937692250138378 GazeDirection.LEFT
47 0.7833333333333333 0.06253374551804458 0.048678041578943274 GazeDirection.CENTER
48 0.8 0.0871396087281616 0.0627437478604687 GazeDirection.CENTER
49 0.8166666666666667 0.09499887471254488 0.09098098580444015 GazeDirection.CENTER
50 0.8333333333333334 0.10585081420337689 0.10345946898167177 GazeDirection.LEFT
51 0.85 0.09991941006591967 0.10125831387919086 GazeDirection.CENTER
52 0.8666666666666667 0.107046268035176 0.11012214569433648 GazeDirection.LEFT
53 0.8833333333333333 0.11999058129142039 0.11554956465934105 GazeDirection.LEFT
54 0.9 0.1204447726723326 0.11974508994487743 GazeDirection.LEFT
55 0.9166666666666666 0.1235473409631414 0.12099427792929822 GazeDirection.LEFT
56 0.9333333333333333 0.125144873743783 0.12354684058472978 GazeDirection.LEFT
57 0.95 0.1272316851685421 0.12570704652188358 GazeDirection.LEFT
58 0.9666666666666667 0.1264480912532559 0.1252848224799329 GazeDirection.LEFT
59 0.9833333333333333 0.129928103791147 0.12949094064837421 GazeDirection.LEFT
60 1.0 0.12881894237114178 0.1273630333021971 GazeDirection.LEFT
61 1.0166666666666666 0.12977729679543226 0.13176803396911207 GazeDirection.LEFT
62 1.0333333333333334 0.13110887176202374 0.129980052904563 GazeDirection.LEFT
63 1.05 0.13394319401277827 0.12734411321774036 GazeDirection.LEFT
64 1.0666666666666667 0.1364875691626334 0.12987971121989492 GazeDirection.LEFT
65 1.0833333333333333 0.13579987629538898 0.13080134379486819 GazeDirection.LEFT
66 1.1 0.13322192057686844 0.13148659183427902 GazeDirection.LEFT
67 1.1166666666666667 0.13715983374678062 0.13422601188835018 GazeDirection.LEFT
68 1.1333333333333333 0.13540444001906268 0.13411296503435002 GazeDirection.LEFT
69 1.15 0.1341899003855152 0.13297590138867807 GazeDirection.LEFT
70 1.1666666666666667 0.13482925147641164 0.13198591828223774 GazeDirection.LEFT
71 1.1833333333333333 0.13605286679699197 0.1281325242365557 GazeDirection.LEFT
72 1.2 0.13617812935081808 0.13297708879026127 GazeDirection.LEFT
73 1.2166666666666666 0.1372276437241473 0.13314234967336538 GazeDirection.LEFT
74 1.2333333333333334 0.13863222187816854 0.13194411869075354 GazeDirection.LEFT
75 1.25 0.13464374484473263 0.13466517872165018 GazeDirection.LEFT
76 1.2666666666666666 0.1367833787559634 0.13094009542213886 GazeDirection.LEFT
77 1.2833333333333334 0.1343880221408982 0.1346998902204712 GazeDirection.LEFT
78 1.3 0.13590429181300703 0.13230617841737202 GazeDirection.LEFT
79 1.3166666666666667 0.13797950901045228 0.13238893734949733 GazeDirection.LEFT
80 1.3333333333333333 0.1408880898295985 0.1330175265544828 GazeDirection.LEFT
81 1.35 0.13583574017087383 0.135917762183818 GazeDirection.LEFT
82 1.3666666666666667 0.1366790766105102 0.1389946629673734 GazeDirection.LEFT
83 1.3833333333333333 0.13987158754349724 0.13459143563846754 GazeDirection.LEFT
84 1.4 0.1331153838169965 0.1361216227948537 GazeDirection.LEFT
85 1.4166666666666667 0.13397405208203966 0.12928774062603063 GazeDirection.LEFT
86 1.4333333333333333 0.13817802045464841 0.13524642564991743 GazeDirection.LEFT
87 1.45 0.1369167756518585 0.13411371036287664 GazeDirection.LEFT
88 1.4666666666666666 0.13606198179986603 0.1343248665765813 GazeDirection.LEFT
89 1.4833333333333334 0.1387499362509934 0.13434240609123294 GazeDirection.LEFT
90 1.5 0.1388401560343488 0.1303515261510531 GazeDirection.LEFT
91 1.5166666666666666 0.14136522665794207 0.13298684431594496 GazeDirection.LEFT
92 1.5333333333333334 0.136614572484317 0.13281802080645966 GazeDirection.LEFT
93 1.55 0.13965343571341632 0.1328483479410957 GazeDirection.LEFT
94 1.5666666666666667 0.13904616642661435 0.13312461998990216 GazeDirection.LEFT
95 1.5833333333333333 0.1428334998930581 0.13386488292324403 GazeDirection.LEFT
96 1.6 0.14173643099075417 0.13738265692203155 GazeDirection.LEFT
97 1.6166666666666667 0.13807656653162512 0.13320955374742874 GazeDirection.LEFT
98 1.6333333333333333 0.13518262656500746 0.13188382555349035 GazeDirection.LEFT
99 1.65 0.13836326782324285 0.13149687009040997 GazeDirection.LEFT
100 1.6666666666666667 0.13574716535634943 0.13531175113282243 GazeDirection.LEFT
101 1.6833333333333333 0.1355270828574923 0.13754942755122745 GazeDirection.LEFT
102 1.7 0.1387819831308678 0.13496792854229978 GazeDirection.LEFT
103 1.7166666666666666 0.13918582751809663 0.13436578749902914 GazeDirection.LEFT
104 1.7333333333333334 0.1404566128627708 0.1356894327488122 GazeDirection.LEFT
105 1.75 0.13836117176568077 0.13084384017642497 GazeDirection.LEFT
106 1.7666666666666666 0.1392862520922001 0.132583277695406 GazeDirection.LEFT
107 1.7833333333333334 0.13603168022226014 0.1328004402392422 GazeDirection.LEFT
108 1.8 0.13872797362922173 0.13451785433815225 GazeDirection.LEFT
109 1.8166666666666667 0.13903787980963078 0.13453776416297605 GazeDirection.LEFT
110 1.8333333333333333 0.13596288032757184 0.13531221345784003 GazeDirection.LEFT
111 1.85 0.1423505987921036 0.13531227438489424 GazeDirection.LEFT
112 1.8666666666666667 0.13698238144893837 0.13712598781620342 GazeDirection.LEFT
113 1.8833333333333333 0.1401351545980102 0.1336709485716396 GazeDirection.LEFT
114 1.9 0.1417254122224982 0.1375732996006771 GazeDirection.LEFT
115 1.9166666666666667 0.13585052782135176 0.1373225557925922 GazeDirection.LEFT
116 1.9333333333333333 0.13458234669787175 0.13539179482527142 GazeDirection.LEFT
117 1.95 0.13681610207829414 0.13668064622097875 GazeDirection.LEFT
118 1.9666666666666666 0.13604473554236768 0.13163363228061192 GazeDirection.LEFT
119 1.9833333333333334 0.13673472068978693 0.13511014152291417 GazeDirection.LEFT
120 2.0 0.13578822495266138 0.13241225915133364 GazeDirection.LEFT
121 2.0166666666666666 0.14057922226785094 0.13335090167831493 GazeDirection.LEFT
122 2.033333333333333 0.13995691025944337 0.13083127140149073 GazeDirection.LEFT
123 2.05 0.13324374021831312 0.12969732078426188 GazeDirection.LEFT
124 2.066666666666667 0.13493896884867676 0.12606465631998606 GazeDirection.LEFT
125 2.0833333333333335 0.1260147679808694 0.12332860290335568 GazeDirection.LEFT
126 2.1 0.12272402683318659 0.11976514620573654 GazeDirection.LEFT
127 2.1166666666666667 0.10038651573179297 0.10265109829160046 GazeDirection.CENTER
128 2.1333333333333333 0.06757889174506108 0.054970173518379024 GazeDirection.CENTER
129 2.15 0.05005383901985329 0.040296751196030406 GazeDirection.CENTER
130 2.1666666666666665 0.039989120513997216 0.034800413831158394 GazeDirection.LEFT
131 2.183333333333333 0.06374792877814409 0.049737552087206365 GazeDirection.CENTER
132 2.2 0.08677427044595745 0.0724880965224806 GazeDirection.CENTER
133 2.216666666666667 0.09103347951884425 0.08383850160371813 GazeDirection.CENTER
134 2.2333333333333334 0.10544071097642385 0.10167158068907181 GazeDirection.CENTER
135 2.25 0.0997654981556847 0.09990073887240651 GazeDirection.CENTER
136 2.2666666666666666 0.11189323710749399 0.11166497709913092 GazeDirection.LEFT
137 2.283333333333333 0.12011438610288933 0.12015913647638708 GazeDirection.LEFT
138 2.3 0.12289560478342954 0.11865505844185296 GazeDirection.LEFT
139 2.316666666666667 0.12230332304285181 0.12333455646054191 GazeDirection.LEFT
140 2.3333333333333335 0.127067641823418 0.12381469802966051 GazeDirection.LEFT
141 2.35 0.1261122484878825 0.12929190329870638 GazeDirection.LEFT
142 2.3666666666666667 0.1309602622490119 0.12835159288504047 GazeDirection.LEFT
143 2.3833333333333333 0.12897803574512273 0.12957994182827534 GazeDirection.LEFT
144 2.4 0.1321388853365434 0.12747326030016043 GazeDirection.LEFT
145 2.4166666666666665 0.13117735349692103 0.13005433198957356 GazeDirection.LEFT
146 2.433333333333333 0.13310742267275463 0.13038956897738918 GazeDirection.LEFT
147 2.45 0.13290054105950616 0.13107650731183948 GazeDirection.LEFT
148 2.466666666666667 0.13178032623828895 0.12778365506854125 GazeDirection.LEFT
149 2.4833333333333334 0.13338813992656653 0.13349862926116274 GazeDirection.LEFT
150 2.5 0.13244416275131798 0.1325409787208616 GazeDirection.LEFT
151 2.5166666666666666 0.13064182026602894 0.13267639314602814 GazeDirection.LEFT
152 2.533333333333333 0.1291711840971239 0.13251950159839648 GazeDirection.LEFT
153 2.55 0.13271239052090572 0.13082453629514626 GazeDirection.LEFT
154 2.566666666666667 0.13528037352530511 0.1320805982674266 GazeDirection.LEFT
155 2.5833333333333335 0.1307515566599357 0.1295488889150991 GazeDirection.LEFT
156 2.6 0.13544224625144563 0.12992893294404037 GazeDirection.LEFT
157 2.6166666666666667 0.13487372050560703 0.12999488068385112 GazeDirection.LEFT
158 2.6333333333333333 0.13228679654625805 0.13101342072932243 GazeDirection.LEFT
159 2.65 0.1359474297067267 0.13287545460456102 GazeDirection.LEFT
160 2.6666666666666665 0.1381971518222464 0.13185837878317447 GazeDirection.LEFT
161 2.683333333333333 0.1417507247200386 0.13030902120511764 GazeDirection.LEFT
162 2.7 0.14152800715944788 0.13454060715774518 GazeDirection.LEFT
163 2.716666666666667 0.14027297364037603 0.13557241089405958 GazeDirection.LEFT
164 2.7333333333333334 0.13925420700030103 0.13597605875784913 GazeDirection.LEFT
165 2.75 0.13623242282891843 0.13428876912379983 GazeDirection.LEFT
166 2.7666666666666666 0.13821657320236738 0.13038734418171846 GazeDirection.LEFT
167 2.783333333333333 0.13213921068537524 0.13015457158285682 GazeDirection.LEFT
168 2.8 0.1329276759373057 0.1260934520576352 GazeDirection.LEFT
169 2.816666666666667 0.13083882434076907 0.12463606296755048 GazeDirection.LEFT
170 2.8333333333333335 0.1252812694660179 0.12118291230014364 GazeDirection.LEFT
171 2.85 0.11841759977442556 0.11275843738383948 GazeDirection.CENTER
172 2.8666666666666667 0.11307142389397336 0.10677056904557441 GazeDirection.CENTER
173 2.8833333333333333 0.09656720708786953 0.1021220094854184 GazeDirection.CENTER
174 2.9 0.09081705166163254 0.09743186241597981 GazeDirection.CENTER
175 2.9166666666666665 0.10441246526201063 0.09502398511533022 GazeDirection.CENTER
176 2.933333333333333 0.1176300900096275 0.10596149627129486 GazeDirection.CENTER
177 2.95 0.12528216234380915 0.12379657946727733 GazeDirection.CENTER
178 2.966666666666667 0.1464691780690874 0.13040503069268883 GazeDirection.CENTER
179 2.9833333333333334 0.143119565042753 0.1401041139374972 GazeDirection.CENTER
180 3.0 0.15343146236717442 0.14465947736317197 GazeDirection.CENTER
181 3.0166666666666666 0.16249832692458507 0.14825799472639276 GazeDirection.CENTER
182 3.033333333333333 0.1600916413446163 0.14362070167640642 GazeDirection.LEFT
183 3.05 0.16066643733518401 0.14777493602734243 GazeDirection.LEFT
184 3.066666666666667 0.15203747755558866 0.15353367426736403 GazeDirection.CENTER
185 3.0833333333333335 0.15942560223473862 0.14700461686184627 GazeDirection.CENTER
186 3.1 0.1563468177698255 0.14958989575054113 GazeDirection.LEFT
187 3.1166666666666667 0.16474632951264226 0.14785252013208847 GazeDirection.CENTER
188 3.1333333333333333 0.16520877590642347 0.1480068319860972 GazeDirection.CENTER
189 3.15 0.1640714510282002 0.1495055843224343 GazeDirection.CENTER
190 3.1666666666666665 0.1635292319633951 0.146826062402429 GazeDirection.LEFT
191 3.183333333333333 0.16128049271229902 0.14791458402962754 GazeDirection.LEFT
192 3.2 0.16201192003170933 0.1503474058887937 GazeDirection.RIGHT
193 3.216666666666667 0.16212366125917507 0.14703585199598115 GazeDirection.CENTER
194 3.2333333333333334 0.15815164563704998 0.14371654927973607 GazeDirection.CENTER
195 3.25 0.15744435094461764 0.1511281639290076 GazeDirection.CENTER
196 3.2666666666666666 0.1618162227061389 0.14900199075473952 GazeDirection.CENTER
197 3.283333333333333 0.15604781675221294 0.153344625636524 GazeDirection.CENTER
198 3.3 0.15901203352686638 0.14565811940509588 GazeDirection.CENTER
199 3.316666666666667 0.15736928309006554 0.15108481528845094 GazeDirection.CENTER
200 3.3333333333333335 0.1542629542256426 0.1467525589707804 GazeDirection.LEFT
201 3.35 0.1524532294594386 0.14974241574309605 GazeDirection.CENTER
202 3.3666666666666667 0.15348447027739448 0.1531814552593636 GazeDirection.LEFT
203 3.3833333333333333 0.1589481863796763 0.1449440642567436 GazeDirection.CENTER
204 3.4 0.14858059881349137 0.15707845291251113 GazeDirection.LEFT
205 3.4166666666666665 0.15719374008204284 0.1422986997311381 GazeDirection.CENTER
206 3.433333333333333 0.1496602356247564 0.14817138065784316 GazeDirection.LEFT
207 3.45 0.14820117076477718 0.15003793664628912 GazeDirection.CENTER
208 3.466666666666667 0.15097395063990524 0.14906475721626095 GazeDirection.CENTER
209 3.4833333333333334 0.146567812370094 0.15316670554362774 GazeDirection.LEFT
210 3.5 0.14488922007520819 0.1523422045849675 GazeDirection.CENTER
211 3.5166666666666666 0.1436453423890168 0.15173013362544674 GazeDirection.CENTER
212 3.533333333333333 0.13736782588646637 0.14462898699116067 GazeDirection.CENTER
213 3.55 0.14610692383211973 0.1401344874658347 GazeDirection.CENTER
214 3.566666666666667 0.15314051089711775 0.14910250867196737 GazeDirection.CENTER
215 3.5833333333333335 0.15220083264377726 0.14072849572867427 GazeDirection.CENTER
216 3.6 0.15817791256276986 0.1417938678844699 GazeDirection.CENTER
217 3.6166666666666667 0.16164008826084175 0.1423756801989516 GazeDirection.LEFT
218 3.6333333333333333 0.1577646721132774 0.1391088973305699 GazeDirection.CENTER
219 3.65 0.1553537833171651 0.13891470525782507 GazeDirection.LEFT
220 3.6666666666666665 0.15444980809766673 0.1365808532122379 GazeDirection.LEFT
221 3.683333333333333 0.15428541179726613 0.13104474525638146 GazeDirection.LEFT
222 3.7 0.14531162158674343 0.1366888448308779 GazeDirection.LEFT
223 3.716666666666667 0.16148818783774835 0.13851872101373575 GazeDirection.LEFT
224 3.7333333333333334 0.14276071729718248 0.13855235820085016 GazeDirection.LEFT
225 3.75 0.13787027907139557 0.1395913829452611 GazeDirection.LEFT
226 3.7666666666666666 0.1500798850444386 0.14492311634860866 GazeDirection.CENTER
227 3.783333333333333 0.13830263102154275 0.13698348718892484 GazeDirection.LEFT
228 3.8 0.1556982789707848 0.1340501353773372 GazeDirection.LEFT
229 3.816666666666667 0.1524983636534653 0.1402508230843365 GazeDirection.LEFT
230 3.8333333333333335 0.1424191923345574 0.14166096877655623 GazeDirection.CENTER
231 3.85 0.16251553586826922 0.137986789148604 GazeDirection.LEFT
232 3.8666666666666667 0.13967650936125287 0.1400397362920862 GazeDirection.LEFT
233 3.8833333333333333 0.15639268034936643 0.12909988648666923 GazeDirection.LEFT
234 3.9 0.1468104980642635 0.13257580525576595 GazeDirection.LEFT
235 3.9166666666666665 0.1445213814995142 0.14008229578518097 GazeDirection.LEFT
236 3.933333333333333 0.15360878399367656 0.1354812726595026 GazeDirection.LEFT
237 3.95 0.13349401395776242 0.14134560055401682 GazeDirection.LEFT
238 3.966666666666667 0.15433387262282627 0.1376322251734418 GazeDirection.LEFT
239 3.9833333333333334 0.15897968737609977 0.138218329507658 GazeDirection.LEFT
240 4.0 0.15289617367165362 0.1342162268794681 GazeDirection.CENTER
241 4.016666666666667 0.15320318951007297 0.13520665081328012 GazeDirection.LEFT
242 4.033333333333333 0.14348556070164545 0.13382365411566816 GazeDirection.LEFT
243 4.05 0.15286393521667938 0.13205802878311565 GazeDirection.LEFT
244 4.066666666666666 0.14016665974925085 0.13548132370514443 GazeDirection.LEFT
245 4.083333333333333 0.15147098697499664 0.12657198278896015 GazeDirection.LEFT
246 4.1 0.14337000328918256 0.13154494743093587 GazeDirection.LEFT
247 4.116666666666666 0.15314117060585156 0.1277823823642457 GazeDirection.LEFT
248 4.133333333333334 0.15198786899127895 0.13035913827267165 GazeDirection.LEFT
249 4.15 0.15136375577479216 0.12774946683003363 GazeDirection.LEFT
250 4.166666666666667 0.15097163373223732 0.13287576000416038 GazeDirection.LEFT
251 4.183333333333334 0.1497701333809677 0.13154186567018072 GazeDirection.LEFT
252 4.2 0.14617899494715839 0.1419636460491688 GazeDirection.LEFT
253 4.216666666666667 0.15124495124674942 0.12759099597282805 GazeDirection.LEFT
254 4.233333333333333 0.14255699797379595 0.1395319341123993 GazeDirection.LEFT
255 4.25 0.1485387376210819 0.1253872587649139 GazeDirection.LEFT
256 4.266666666666667 0.14041777794297797 0.13690600512130813 GazeDirection.LEFT
257 4.283333333333333 0.15580932614234722 0.1279642430172807 GazeDirection.LEFT
258 4.3 0.14165909621313208 0.13803674694031526 GazeDirection.LEFT
259 4.316666666666666 0.1495923363147402 0.13460815577491936 GazeDirection.LEFT
260 4.333333333333333 0.15193078268657856 0.13282288798866052 GazeDirection.LEFT
261 4.35 0.15248240892107773 0.1305042175118738 GazeDirection.LEFT
262 4.366666666666666 0.1422530097523351 0.13393118941103976 GazeDirection.LEFT
263 4.383333333333334 0.15295298574586783 0.13327007342834388 GazeDirection.LEFT
264 4.4 0.14721672203594038 0.1428882897886918 GazeDirection.LEFT
265 4.416666666666667 0.15559344564356772 0.138545135067822 GazeDirection.LEFT
266 4.433333333333334 0.14365575729793487 0.14673125541156276 GazeDirection.LEFT
267 4.45 0.13432485565003408 0.14045290600392057 GazeDirection.LEFT
268 4.466666666666667 0.12864533082208884 0.1367375755543919 GazeDirection.CENTER
269 4.483333333333333 0.11597403122961389 0.1243318968221367 GazeDirection.RIGHT
270 4.5 0.10699555243553008 0.11037258192443039 GazeDirection.RIGHT
271 4.516666666666667 0.09745245328900598 0.06978971773189097 GazeDirection.CENTER
272 4.533333333333333 0.07935524257906641 0.04283856867647772 GazeDirection.LEFT
273 4.55 0.07680318500631951 0.043705651720341236 GazeDirection.CENTER
274 4.566666666666666 0.09434737660629956 0.07637094438569916 GazeDirection.CENTER
275 4.583333333333333 0.09699016672394917 0.08762568088914592 GazeDirection.CENTER
276 4.6 0.10746040989418601 0.09552269082091241 GazeDirection.LEFT
277 4.616666666666666 0.10634608093699859 0.10442384134983054 GazeDirection.CENTER
278 4.633333333333334 0.11751973851471241 0.10946611435206323 GazeDirection.LEFT
279 4.65 0.12101056121476685 0.11451675278373252 GazeDirection.LEFT
280 4.666666666666667 0.12234929472426315 0.11529713596601836 GazeDirection.LEFT
281 4.683333333333334 0.1269133570487625 0.11877799859174663 GazeDirection.LEFT
282 4.7 0.12435943063171058 0.1271589681248401 GazeDirection.LEFT
283 4.716666666666667 0.13167848193059425 0.12077424228114082 GazeDirection.LEFT
284 4.733333333333333 0.12967371223671123 0.1253436423597295 GazeDirection.LEFT
285 4.75 0.13270509180738274 0.12516657153278252 GazeDirection.LEFT
286 4.766666666666667 0.12493804992749509 0.12871888462938316 GazeDirection.LEFT
287 4.783333333333333 0.13389252646709457 0.12787287272149217 GazeDirection.LEFT
288 4.8 0.12737801444154623 0.1355739530590467 GazeDirection.LEFT
289 4.816666666666666 0.12881003755524542 0.13387943485421816 GazeDirection.LEFT
290 4.833333333333333 0.12742406468952663 0.1288037000730791 GazeDirection.LEFT
291 4.85 0.131865846303338 0.13209972048366872 GazeDirection.LEFT
292 4.866666666666666 0.12975073393026246 0.13622592682070936 GazeDirection.LEFT
293 4.883333333333334 0.13018921769913713 0.13282083740578404 GazeDirection.LEFT
294 4.9 0.13223556015910637 0.13155864558261193 GazeDirection.LEFT
295 4.916666666666667 0.12965581565150727 0.133133116823068 GazeDirection.LEFT
296 4.933333333333334 0.1281106531885011 0.13433278765656545 GazeDirection.LEFT
297 4.95 0.13068720853437926 0.13521167916388288 GazeDirection.LEFT
298 4.966666666666667 0.12897324366065252 0.13910998925617007 GazeDirection.LEFT
299 4.983333333333333 0.13467943114016423 0.1359214123698013 GazeDirection.LEFT
300 5.0 0.13214511164288315 0.13742028214380259 GazeDirection.LEFT
301 5.016666666666667 0.13185057356178292 0.138623369488597 GazeDirection.LEFT
302 5.033333333333333 0.13160295099437422 0.13026346728074076 GazeDirection.LEFT
303 5.05 0.13401693677595436 0.13173985512541128 GazeDirection.LEFT
304 5.066666666666666 0.13231036786299516 0.13202243266720773 GazeDirection.LEFT
305 5.083333333333333 0.13208224473738242 0.13186364416804625 GazeDirection.LEFT
306 5.1 0.13195234258703362 0.13155677142692968 GazeDirection.LEFT
307 5.116666666666666 0.13341133064431795 0.1372603481253985 GazeDirection.LEFT
308 5.133333333333334 0.12828936934630258 0.1320785474113307 GazeDirection.LEFT
309 5.15 0.1330644185051704 0.13456419244356999 GazeDirection.LEFT
310 5.166666666666667 0.13061729475482417 0.12914332566711073 GazeDirection.LEFT
311 5.183333333333334 0.13091269617809917 0.13386269689205216 GazeDirection.LEFT
312 5.2 0.1320139602474462 0.13140941875533418 GazeDirection.LEFT
313 5.216666666666667 0.13387178134494518 0.13474754026552738 GazeDirection.LEFT
314 5.233333333333333 0.13460534770824936 0.1354139805300411 GazeDirection.LEFT
315 5.25 0.13227076671336735 0.13344122385524496 GazeDirection.LEFT
316 5.266666666666667 0.13058462818281052 0.13673937919905726 GazeDirection.LEFT
317 5.283333333333333 0.13136776413772036 0.13489516205935134 GazeDirection.LEFT
318 5.3 0.13209028476814194 0.13627140554468742 GazeDirection.LEFT
319 5.316666666666666 0.1261525885962177 0.13398530302061723 GazeDirection.LEFT
320 5.333333333333333 0.1344321249268064 0.13386788590252358 GazeDirection.LEFT
321 5.35 0.13463246378296082 0.13645319971345515 GazeDirection.LEFT
322 5.366666666666666 0.12896929038520674 0.13304370449915656 GazeDirection.LEFT
323 5.383333333333334 0.13492968902436736 0.13511784047904346 GazeDirection.LEFT
324 5.4 0.13121709756256433 0.13559794798402716 GazeDirection.LEFT
325 5.416666666666667 0.1400622307008204 0.13785217573617212 GazeDirection.LEFT
326 5.433333333333334 0.13364975527198197 0.13664968018037782 GazeDirection.LEFT
327 5.45 0.13175310960903086 0.13552530910950022 GazeDirection.LEFT
328 5.466666666666667 0.1330456687038349 0.13185009644006593 GazeDirection.LEFT
329 5.483333333333333 0.1379008429717432 0.14028128137832996 GazeDirection.LEFT
330 5.5 0.132456772195243 0.13331243341391785 GazeDirection.LEFT
331 5.516666666666667 0.13676725860061392 0.13553667047680062 GazeDirection.LEFT
332 5.533333333333333 0.13189162340076135 0.13253325348095837 GazeDirection.LEFT
333 5.55 0.13056607828095662 0.13571902872063057 GazeDirection.LEFT
334 5.566666666666666 0.13144908007617476 0.1341767835507999 GazeDirection.LEFT
335 5.583333333333333 0.1331776377858689 0.1313888002920953 GazeDirection.LEFT
336 5.6 0.12924750235499893 0.13418101073414718 GazeDirection.LEFT
337 5.616666666666666 0.13667915061595365 0.13230144068804056 GazeDirection.LEFT
338 5.633333333333334 0.13616442099383938 0.13276344727337128 GazeDirection.LEFT
339 5.65 0.12730749519480708 0.13311121238413717 GazeDirection.LEFT
340 5.666666666666667 0.1285345758039094 0.13336777684180176 GazeDirection.LEFT
341 5.683333333333334 0.13029891100605953 0.13454923952149794 GazeDirection.LEFT
342 5.7 0.13391808208719194 0.13036381081015877 GazeDirection.LEFT
343 5.716666666666667 0.13278980192528655 0.13125750405669767 GazeDirection.LEFT
344 5.733333333333333 0.12710946614311425 0.13168665327218881 GazeDirection.LEFT
345 5.75 0.13130558999558034 0.12875738652170632 GazeDirection.LEFT
346 5.766666666666667 0.1335118302375587 0.13036797547777954 GazeDirection.LEFT
347 5.783333333333333 0.1307685334529078 0.13004474944329614 GazeDirection.LEFT
348 5.8 0.1314268162966618 0.1311334173317675 GazeDirection.LEFT
349 5.816666666666666 0.13226147147174405 0.1351689601831616 GazeDirection.LEFT
350 5.833333333333333 0.13251178378917647 0.13120558941161475 GazeDirection.LEFT
351 5.85 0.13762959345035258 0.13264047698784637 GazeDirection.LEFT
352 5.866666666666666 0.13364583226215565 0.1338943772724756 GazeDirection.LEFT
353 5.883333333333334 0.13431884732350433 0.13398190917029693 GazeDirection.LEFT
354 5.9 0.13008757670337995 0.1349092388654388 GazeDirection.LEFT
355 5.916666666666667 0.1298639249771471 0.12892303816921188 GazeDirection.LEFT
356 5.933333333333334 0.1302245884755273 0.13436152144230018 GazeDirection.LEFT
357 5.95 0.1300182177809782 0.1304467234959813 GazeDirection.LEFT
358 5.966666666666667 0.13074829429258572 0.13430133667848868 GazeDirection.LEFT
359 5.983333333333333 0.13202479473859488 0.13601838839892486 GazeDirection.LEFT
360 6.0 0.13079912825782972 0.13272023431287958 GazeDirection.LEFT
361 6.016666666666667 0.1351167550110175 0.1320412386389941 GazeDirection.LEFT
362 6.033333333333333 0.12919481305296257 0.13482698297704532 GazeDirection.LEFT
363 6.05 0.1352436762756544 0.1304391693351481 GazeDirection.LEFT
364 6.066666666666666 0.13222494063239232 0.13359326051823134 GazeDirection.LEFT
365 6.083333333333333 0.13226118670711617 0.13222754406917894 GazeDirection.LEFT
366 6.1 0.13480777057745205 0.13817542842611605 GazeDirection.LEFT
367 6.116666666666666 0.13222463856996325 0.1355567069759122 GazeDirection.LEFT
368 6.133333333333334 0.133106827115808 0.13268360351879768 GazeDirection.LEFT
369 6.15 0.1340580468023099 0.13572249566302727 GazeDirection.LEFT
370 6.166666666666667 0.133205164181026 0.1347843805631757 GazeDirection.LEFT
371 6.183333333333334 0.13117726012637135 0.13529024573414405 GazeDirection.LEFT
372 6.2 0.1329475387460168 0.13464478640730848 GazeDirection.LEFT

