Segment: 1-255
1 0.016666666666666666 0.11593841723094338 0.11122143758261353 right
2 0.03333333333333333 0.10767503974184217 0.11040098638171102 right
3 0.05 0.10591577948903932 0.12168103837122579 right
4 0.06666666666666667 0.11152092037299545 0.11688936234015124 right
5 0.08333333333333333 0.10823303431057929 0.11589672436984202 right
6 0.1 0.11063474780334187 0.11673857299866353 right
7 0.11666666666666667 0.11259631044781761 0.11755757290640313 right
8 0.13333333333333333 0.11279794467752387 0.11861787207529938 right
9 0.15 0.10603088917110505 0.11725277953386704 right
10 0.16666666666666666 0.1072620206548033 0.1181216279723609 right
11 0.18333333333333332 0.10718628046411151 0.1177279604136142 right
12 0.2 0.10638589506854167 0.12104899598566793 right
13 0.21666666666666667 0.1086649901663716 0.11772908882197211 right
14 0.23333333333333334 0.1071077496523387 0.11745895618402284 right
15 0.25 0.1125097575426401 0.12376465285494724 right
16 0.26666666666666666 0.11159965230930256 0.12101264627432466 right
17 0.2833333333333333 0.11301825302914538 0.12300691495244939 right
18 0.3 0.10978093513434081 0.11693259942562789 right
19 0.31666666666666665 0.10962769295922527 0.12027430224001938 right
20 0.3333333333333333 0.11112500130406644 0.11587555057955042 right
21 0.35 0.11131523840855052 0.11506502385514435 right
22 0.36666666666666664 0.11031418020300555 0.1150972758014329 right
23 0.38333333333333336 0.11237498848400501 0.11152617362078272 right
24 0.4 0.11385167724479 0.11396024681181459 right
25 0.4166666666666667 0.10783062386095571 0.11053882771215079 right
26 0.43333333333333335 0.10617129885361151 0.11282369111264519 right
27 0.45 0.10704882735925446 0.11136225709555064 right
28 0.4666666666666667 0.11155255651538512 0.11131638853173885 right
29 0.48333333333333334 0.10860423546974367 0.1099203539223278 right
30 0.5 0.10756931301063544 0.11388195347519725 right
31 0.5166666666666667 0.11047015596504807 0.11113411556990373 right
32 0.5333333333333333 0.10968406899509288 0.11439755026463028 right
33 0.55 0.11086042227194302 0.11293919177062824 right
34 0.5666666666666667 0.1108271313614495 0.11082769571387747 right
35 0.5833333333333334 0.1075990805509822 0.11560175283494198 right
36 0.6 0.10993198465455013 0.11474083515137631 right
37 0.6166666666666667 0.11321457337282113 0.11373487181219546 right
38 0.6333333333333333 0.10798132470342998 0.11332432862365048 right
39 0.65 0.1069353501288447 0.11176750262775022 right
40 0.6666666666666666 0.10498039344869788 0.11197682700717648 right
41 0.6833333333333333 0.10171028938100282 0.10945745597528753 right
42 0.7 0.09687385418477602 0.10261182146211806 right
43 0.7166666666666667 0.07998917982819498 0.09267356632274223 right
44 0.7333333333333333 0.05509544622089676 0.08555826131906838 right
45 0.75 0.06921467158715575 0.08918435326098112 right
46 0.7666666666666667 0.07919427730270358 0.0883738217039807 right
47 0.7833333333333333 0.0842779641311359 0.09522809346230064 right
48 0.8 0.0825332024560933 0.09800118704425462 right
49 0.8166666666666667 0.09056524156213788 0.10067012604261004 right
50 0.8333333333333334 0.09559910070597526 0.10231385596206392 right
51 0.85 0.09855848901184038 0.1043442050587896 right
52 0.8666666666666667 0.0965782475733359 0.1091033568526602 right
53 0.8833333333333333 0.10149223714635815 0.11342637767399665 right
54 0.9 0.10274248133714024 0.1092542007925202 right
55 0.9166666666666666 0.10192008947750958 0.11283814759522746 right
56 0.9333333333333333 0.10339844743442707 0.11588939669356776 right
57 0.95 0.10098372738476988 0.11318677171768914 right
58 0.9666666666666667 0.10731246732436449 0.11468541226444777 right
59 0.9833333333333333 0.1079660584674591 0.11858403170882945 right
60 1.0 0.10750350437075129 0.11458425214000148 right
61 1.0166666666666666 0.10788516980749646 0.11350364755645137 right
62 1.0333333333333334 0.10601556185695246 0.11747851554291011 right
63 1.05 0.10568247586200856 0.11666772561723857 right
64 1.0666666666666667 0.10884276648843307 0.11332106990171417 right
65 1.0833333333333333 0.10589345681575887 0.11813500086165094 right
66 1.1 0.10811220964549045 0.1116062046663646 right
67 1.1166666666666667 0.1091046132912069 0.11517003374576427 right
68 1.1333333333333333 0.10538753653826148 0.1122583970025556 right
69 1.15 0.1057091214920369 0.11645349720176154 right
70 1.1666666666666667 0.10457184787271874 0.11336924458268832 right
71 1.1833333333333333 0.10426273777691887 0.11316541721734724 right
72 1.2 0.10835445850444213 0.11513173064021096 right
73 1.2166666666666666 0.1088082392163138 0.11339682297691649 right
74 1.2333333333333334 0.11035279974173746 0.11286480015418572 right
75 1.25 0.10602023568340427 0.11534693450260786 right
76 1.2666666666666666 0.10879002817432458 0.11458894891008711 right
77 1.2833333333333334 0.11168120798217977 0.11500832131216533 right
78 1.3 0.10663628324601622 0.11760857220836288 right
79 1.3166666666666667 0.10483655861840127 0.11844459407160923 right
80 1.3333333333333333 0.10979161122293701 0.1121759906976495 right
81 1.35 0.11316538800072194 0.12114784486797368 right
82 1.3666666666666667 0.10913849418755306 0.11974448691542171 right
83 1.3833333333333333 0.10872971055133342 0.12099105068842839 right
84 1.4 0.11110520075935684 0.11713795732448862 right
85 1.4166666666666667 0.10797037291560083 0.11531490382839733 right
86 1.4333333333333333 0.10903389042126309 0.12000714659423553 right
87 1.45 0.11282828834189798 0.11676194014924637 right
88 1.4666666666666666 0.10829424400194589 0.12046346158242502 right
89 1.4833333333333334 0.11250281040748678 0.12079247442475735 right
90 1.5 0.10802033242342568 0.12016545486468785 right
91 1.5166666666666666 0.11053567921261709 0.12004606914378688 right
92 1.5333333333333334 0.11061330409570656 0.12076115723348947 right
93 1.55 0.11366471445427628 0.1223328158410203 right
94 1.5666666666666667 0.11167860620684827 0.11896224994166636 right
95 1.5833333333333333 0.11307584156662777 0.12059396035895951 right
96 1.6 0.11236303602035536 0.12092283989774201 right
97 1.6166666666666667 0.1102900726971791 0.12033144345926688 right
98 1.6333333333333333 0.11207790039695764 0.11964247735282756 right
99 1.65 0.1144847899907294 0.1217204270175167 right
100 1.6666666666666667 0.10960040062863163 0.12333025250752216 right
101 1.6833333333333333 0.11240593986222126 0.12081043793972093 right
102 1.7 0.10935348807910839 0.12020898231574316 right
103 1.7166666666666666 0.1149243513135056 0.11996511836640267 right
104 1.7333333333333334 0.11086527954015508 0.11783031887828233 right
105 1.75 0.11111098327667322 0.11931599025987023 right
106 1.7666666666666666 0.11047980383681902 0.11917417682645286 right
107 1.7833333333333334 0.11071811393092722 0.12039938889156257 right
108 1.8 0.11181468049925754 0.12012156093677323 right
109 1.8166666666666667 0.11160807578385086 0.11897045851841401 right
110 1.8333333333333333 0.11451565388308889 0.11589954586144777 right
111 1.85 0.11005394843539833 0.12181403019166744 right
112 1.8666666666666667 0.11166421078096227 0.11633409236211091 right
113 1.8833333333333333 0.10445767158163193 0.12078171596206605 right
114 1.9 0.10404329660875901 0.10680755624309216 right
115 1.9166666666666667 0.06153533280618825 0.09419813823725934 right
116 1.9333333333333333 0.010198356045402509 0.03541110052337972 right
117 1.95 0.006679219777090226 0.037659829321600224 right
118 1.9666666666666666 0.008888492392151484 0.05721229127552178 right
119 1.9833333333333334 0.024058585947910893 0.08427381433789935 right
120 2.0 0.04927411526556549 0.08945766196745764 right
121 2.0166666666666666 0.0831091513741703 0.09632194378101942 right
122 2.033333333333333 0.0816660439746607 0.09890162990240678 right
123 2.05 0.08370515291603195 0.10388886573877185 right
124 2.066666666666667 0.08207193588711581 0.10709365448168391 right
125 2.0833333333333335 0.09091295317685417 0.10919037828907244 right
126 2.1 0.09702795793206949 0.10935816061909248 right
127 2.1166666666666667 0.09385356479530514 0.11181762797377398 right
128 2.1333333333333333 0.09363370261892037 0.11292225814452148 right
129 2.15 0.09849832082567006 0.11581170432858656 right
130 2.1666666666666665 0.10078329232736165 0.11188775975647057 right
131 2.183333333333333 0.10247858039071928 0.11679314420088646 right
132 2.2 0.10198390445803564 0.11406786361554903 right
133 2.216666666666667 0.10196714428613865 0.11177863965883851 right
134 2.2333333333333334 0.10524745996519227 0.11952171056917396 right
135 2.25 0.10646806787130915 0.12070985116757878 right
136 2.2666666666666666 0.11457130486613197 0.119881601702211 right
137 2.283333333333333 0.10647672981496138 0.12350247629967119 right
138 2.3 0.11321409275395776 0.12301112240577042 right
139 2.316666666666667 0.11529142837348484 0.12915038232035414 right
140 2.3333333333333335 0.11672332540317293 0.12476004030613294 right
141 2.35 0.1122918795366952 0.12658840801202692 right
142 2.3666666666666667 0.11242851842436379 0.12460859627022401 right
143 2.3833333333333333 0.11351710950109349 0.12497952948593354 right
144 2.4 0.11436412664571984 0.12452911048012173 right
145 2.4166666666666665 0.11110540304885722 0.12217873083914249 right
146 2.433333333333333 0.1138849139490997 0.130159252230082 right
147 2.45 0.11304738569860436 0.12299176512074897 right
148 2.466666666666667 0.11710827544178558 0.12848892476348167 right
149 2.4833333333333334 0.11483546257629902 0.1261300792059566 right
150 2.5 0.11760396501045729 0.1261792590846172 right
151 2.5166666666666666 0.11448624888031327 0.12581153165081613 right
152 2.533333333333333 0.11473212860204568 0.1265269423974406 right
153 2.55 0.11561945649491527 0.12526990827055012 right
154 2.566666666666667 0.10941267907101894 0.12502875924958953 right
155 2.5833333333333335 0.11348689466394023 0.12816801312891044 right
156 2.6 0.11736600300607626 0.1269053907100723 right
157 2.6166666666666667 0.11765091620314849 0.12426941448230222 right
158 2.6333333333333333 0.11467150908835204 0.12576219947580372 right
159 2.65 0.11246227279895828 0.12656847745436015 right
160 2.6666666666666665 0.11881884524506828 0.12686281882328768 right
161 2.683333333333333 0.1137958059582602 0.12891269769918953 right
162 2.7 0.11419771614528708 0.12513349840707688 right
163 2.716666666666667 0.11336217593568153 0.12675564150946284 right
164 2.7333333333333334 0.11759807512679515 0.12730280683350587 right
165 2.75 0.11441423079334606 0.12734153911079996 right
166 2.7666666666666666 0.11385904891796886 0.12280455057776396 right
167 2.783333333333333 0.11525345940804224 0.12731928679157 right
168 2.8 0.10763822624692757 0.11580773140441229 right
169 2.816666666666667 0.09039627601758274 0.10321006611734053 right
170 2.8333333333333335 0.07643434875091823 0.08422593634232481 right
171 2.85 0.019579506408884235 0.029816155459990435 right
172 2.8666666666666667 0.007656948329053314 0.025314983625559305 right
173 2.8833333333333333 0.00642113573099806 0.02147275790479283 right
174 2.9 0.006942532514965863 0.01886712761346504 right
175 2.9166666666666665 0.007829102509449109 0.02071680333298671 right
176 2.933333333333333 0.011337314671251425 0.024822863435461858 right
177 2.95 0.00870689972790177 0.02244051315553089 right
178 2.966666666666667 0.006271446924500577 0.023883492942914007 right
179 2.9833333333333334 0.006943963789754366 0.025443770562483 right
180 3.0 0.006106132962079628 0.020380720300832437 right
181 3.0166666666666666 0.007454006986216766 0.028913089406765503 right
182 3.033333333333333 0.014727827913285767 0.031232971098417564 right
183 3.05 0.04030335963917513 0.04526355696131821 right
184 3.066666666666667 0.05561542847464509 0.07651892951111185 right
185 3.0833333333333335 0.0741298993812319 0.08493777634839592 right
186 3.1 0.08383309502179365 0.09358871143373979 right
187 3.1166666666666667 0.08314594150880056 0.0997869723729572 right
188 3.1333333333333333 0.08066555029721836 0.10176538367721273 right
189 3.15 0.08854614920455248 0.10060631649731973 right
190 3.1666666666666665 0.08899103814829681 0.11037428741430531 right
191 3.183333333333333 0.08974617255675041 0.10358168933124164 right
192 3.2 0.09324720273739702 0.10368084320271964 right
193 3.216666666666667 0.09457517299721895 0.10841405561700637 right
194 3.2333333333333334 0.09577107000306907 0.10769589352565216 right
195 3.25 0.0949012033608397 0.11168913615980547 right
196 3.2666666666666666 0.09414976392412451 0.11346422061116068 right
197 3.283333333333333 0.10000037672306372 0.11743170795671302 right
198 3.3 0.09965224359357587 0.11397622494092587 right
199 3.316666666666667 0.10223296312840788 0.1189940556293423 right
200 3.3333333333333335 0.10395403297432287 0.1153382149143503 right
201 3.35 0.10303724288658751 0.11436518592470057 right
202 3.3666666666666667 0.10418847215215006 0.11542497514125198 right
203 3.3833333333333333 0.10477605852502851 0.1178356104255588 right
204 3.4 0.1036610905279288 0.11384755004626504 right
205 3.4166666666666665 0.10741920708858521 0.12095035493585632 right
206 3.433333333333333 0.10708861938762375 0.11582391121995984 right
207 3.45 0.10654210041183132 0.11588247353604249 right
208 3.466666666666667 0.10471330467707961 0.11491992326736428 right
209 3.4833333333333334 0.10406264838572128 0.1185437986158362 right
210 3.5 0.10981997601352489 0.11265411876515981 right
211 3.5166666666666666 0.10618478173931634 0.11967472348127829 right
212 3.533333333333333 0.10444978797257312 0.11296065018288964 right
213 3.55 0.10345945585775056 0.11644283007260932 right
214 3.566666666666667 0.10625747446612996 0.11860247134525839 right
215 3.5833333333333335 0.10408963755109292 0.11809902551295927 right
216 3.6 0.10898276820289514 0.11436229466513426 right
217 3.6166666666666667 0.10895725771968999 0.11852831210605326 right
218 3.6333333333333333 0.105952987029644 0.11821852144154787 right
219 3.65 0.10948538033631723 0.11593521793243015 right
220 3.6666666666666665 0.10658755218942217 0.11649461263023371 right
221 3.683333333333333 0.10633641528642075 0.11368337353368947 right
222 3.7 0.10428770757596878 0.11670693512525235 right
223 3.716666666666667 0.10653865510010375 0.1140475249486065 right
224 3.7333333333333334 0.1067045871211173 0.11657696871227514 right
225 3.75 0.10659010503717142 0.11665609150334336 right
226 3.7666666666666666 0.10322600376203764 0.11491511686360337 right
227 3.783333333333333 0.10465464703930141 0.11558930001297135 right
228 3.8 0.10502848314973179 0.11977006943396899 right
229 3.816666666666667 0.10497263392377718 0.11875271906894215 right
230 3.8333333333333335 0.10482900274480784 0.11835177696732656 right
231 3.85 0.10479541758950547 0.11962229424950316 right
232 3.8666666666666667 0.10401503347338832 0.1132505114207432 right
233 3.8833333333333333 0.10582601554720018 0.12019750432402392 right
234 3.9 0.10303661825942365 0.11984744490621306 right
235 3.9166666666666665 0.10467339079445216 0.11593651862543541 right
236 3.933333333333333 0.10250005855283639 0.11533883394964428 right
237 3.95 0.10345003686378325 0.11199419244316851 right
238 3.966666666666667 0.10776592238028258 0.11470300202769576 right
239 3.9833333333333334 0.10913549823013781 0.11997047199129508 right
240 4.0 0.11235090255317909 0.12091288722434679 right
241 4.016666666666667 0.11763535166478699 0.11886542237275591 right
242 4.033333333333333 0.11292712843552573 0.12100973212226475 right
243 4.05 0.11210367595341443 0.11591319852707264 right
244 4.066666666666666 0.11180710472398328 0.12394762132445317 right
245 4.083333333333333 0.1121230368776863 0.12028377520719019 right
246 4.1 0.11269448264354613 0.12650722493476818 right
247 4.116666666666666 0.11514584336598954 0.12014351377493583 right
248 4.133333333333334 0.11515689035259578 0.12053547538580299 right
249 4.15 0.1138817267926493 0.11953389543755313 right
250 4.166666666666667 0.11124052314926325 0.12391183366806627 right
251 4.183333333333334 0.11062406889813993 0.12422997234459093 right
252 4.2 0.11649428990065482 0.12352478791030491 right
253 4.216666666666667 0.10741671947114528 0.12461765004703068 right
254 4.233333333333333 0.11248881500557315 0.11896373791439395 right
255 4.25 0.10524634690502294 0.12032351040462369 right

