Segment: 1-459
1 0.016666666666666666 0.11375174053411087 0.11569059075453313 right
2 0.03333333333333333 0.10045692475648593 0.10516334191067976 unknown
3 0.05 0.1020413179220386 0.1022045652411355 right
4 0.06666666666666667 0.11009127474068678 0.1039141612457481 unknown
5 0.08333333333333333 0.11148749295149463 0.10383690485148636 unknown
6 0.1 0.10850157724308636 0.10324934378611628 unknown
7 0.11666666666666667 0.11099888221094294 0.10231246665878778 unknown
8 0.13333333333333333 0.11245462595758038 0.09984926554957947 unknown
9 0.15 0.10936158543873516 0.09769560432101654 unknown
10 0.16666666666666666 0.11390193975304966 0.10128116617204176 unknown
11 0.18333333333333332 0.10573040999189716 0.10938956394450758 unknown
12 0.2 0.11513473576413433 0.1086042641448193 unknown
13 0.21666666666666667 0.11779869774230381 0.11251569700519831 unknown
14 0.23333333333333334 0.11530423955282004 0.10654289852154816 unknown
15 0.25 0.11507850674903061 0.10960006826792758 unknown
16 0.26666666666666666 0.11306808483615292 0.1104378676751639 unknown
17 0.2833333333333333 0.11425232733250276 0.10987461047448896 unknown
18 0.3 0.11395372901913663 0.10597763689947125 unknown
19 0.31666666666666665 0.11484561789015739 0.10523286140043552 unknown
20 0.3333333333333333 0.11448321434360305 0.1101514091196406 unknown
21 0.35 0.11029851182484454 0.10740206812655227 unknown
22 0.36666666666666664 0.11661859094872039 0.11281297255358899 unknown
23 0.38333333333333336 0.11472171938592493 0.10374991436179398 unknown
24 0.4 0.11251363179520175 0.10367239823012837 unknown
25 0.4166666666666667 0.1124869272633289 0.10426739021530894 unknown
26 0.43333333333333335 0.11063885267043225 0.10433472632549176 unknown
27 0.45 0.10391774979943703 0.09981744430549246 unknown
28 0.4666666666666667 0.10269103147470501 0.1031295570805345 unknown
29 0.48333333333333334 0.10097441395623559 0.09902799054409193 unknown
30 0.5 0.10254967437328431 0.10530417717010597 unknown
31 0.5166666666666667 0.1031215704389071 0.10436660361492513 unknown
32 0.5333333333333333 0.10195693778024434 0.10132363714266703 right
33 0.55 0.1037987844460029 0.10347571052483787 right
34 0.5666666666666667 0.10866443725068016 0.0996177652756971 right
35 0.5833333333333334 0.10596147226313021 0.09992915359306886 right
36 0.6 0.1083932149537075 0.11028576496408161 right
37 0.6166666666666667 0.10751067954813731 0.10881561121792002 right
38 0.6333333333333333 0.1073507221676827 0.11013921844388753 right
39 0.65 0.1117372301803736 0.10882853688523454 right
40 0.6666666666666666 0.11188779553469366 0.1025277742553594 center
41 0.6833333333333333 0.108655943705205 0.10226411995884682 right
42 0.7 0.11030132165499193 0.10716496257896863 right
43 0.7166666666666667 0.11781849294305427 0.11017429704112085 right
44 0.7333333333333333 0.11521505379747543 0.1110396537602577 right
45 0.75 0.11699931870907815 0.11348657872618996 right
46 0.7666666666666667 0.11781559789322579 0.10840604062590588 right
47 0.7833333333333333 0.12090626089182509 0.11837408555226206 right
48 0.8 0.12359994363001063 0.1170087409980378 right
49 0.8166666666666667 0.1218596967794272 0.11373052323960355 right
50 0.8333333333333334 0.11932087687209342 0.11020648796889378 right
51 0.85 0.12292107180516972 0.11347779759038605 right
52 0.8666666666666667 0.11916736039578592 0.11131960644963194 right
53 0.8833333333333333 0.11684204253162198 0.11415217779950211 right
54 0.9 0.11741176654887 0.1126790162231614 right
55 0.9166666666666666 0.119232103493113 0.11068631059656456 right
56 0.9333333333333333 0.12166110948822045 0.1110158872419908 right
57 0.95 0.12127803959891005 0.11019284497616118 right
58 0.9666666666666667 0.12568726576723802 0.1134694316775839 right
59 0.9833333333333333 0.11968443278441439 0.10884740082183039 right
60 1.0 0.11981165526175475 0.10773060678297534 right
61 1.0166666666666666 0.11782350422388248 0.11384018676916872 right
62 1.0333333333333334 0.12042278731320964 0.11577781663511501 right
63 1.05 0.12113775642722424 0.1151104730162835 right
64 1.0666666666666667 0.12388771547864696 0.11558483130838311 right
65 1.0833333333333333 0.12511159761147753 0.11974804328941246 right
66 1.1 0.12694550851279768 0.11950908046335955 right
67 1.1166666666666667 0.12846805255907748 0.11931851068418253 right
68 1.1333333333333333 0.12256122583702006 0.11745412661792896 right
69 1.15 0.12850221684262841 0.1218286502932701 right
70 1.1666666666666667 0.12435037812387352 0.12122220322270934 right
71 1.1833333333333333 0.12404330472952875 0.11942394832632816 right
72 1.2 0.12547847097689271 0.11962513525128024 right
73 1.2166666666666666 0.1250727479671312 0.11616629198153361 right
74 1.2333333333333334 0.12489957906638162 0.12328518037447084 right
75 1.25 0.12239712276067223 0.11364214757403258 right
76 1.2666666666666666 0.12435883386713459 0.11469757752528037 right
77 1.2833333333333334 0.1253745835075303 0.11760070944239909 right
78 1.3 0.124704168747587 0.11816463417422154 right
79 1.3166666666666667 0.12744477451671785 0.11387370521327785 right
80 1.3333333333333333 0.1298901643567277 0.11401423950450627 right
81 1.35 0.12944720701239348 0.1159917227521872 right
82 1.3666666666666667 0.12829300312199984 0.11345733922183314 right
83 1.3833333333333333 0.12780191043471073 0.12050944758857973 center
84 1.4 0.13066694988635924 0.11572482222997814 right
85 1.4166666666666667 0.12930527967776073 0.11624100869614294 right
86 1.4333333333333333 0.13204330043534368 0.11474066987002057 right
87 1.45 0.12828388006994232 0.11868483190544965 right
88 1.4666666666666666 0.12597800815743268 0.11789506773736871 center
89 1.4833333333333334 0.12679046217230566 0.1197549422049442 right
90 1.5 0.12830166267995294 0.12033571154627093 right
91 1.5166666666666666 0.12533727804491498 0.12355622540180032 right
92 1.5333333333333334 0.12779347911126399 0.12852911077292015 right
93 1.55 0.12544857674470522 0.12659279062930734 right
94 1.5666666666666667 0.12550873619374875 0.12568625915570214 right
95 1.5833333333333333 0.12667536249258374 0.11830919936444831 right
96 1.6 0.12850692016834267 0.11956938076262488 right
97 1.6166666666666667 0.1273995595109716 0.11819155631427476 right
98 1.6333333333333333 0.12815760556301864 0.11938179458721548 right
99 1.65 0.12546506548168146 0.11857317326178023 right
100 1.6666666666666667 0.12776964995969367 0.12466325972952969 right
101 1.6833333333333333 0.12764650422985108 0.12359947575244616 right
102 1.7 0.12615288812229128 0.11699183353688145 right
103 1.7166666666666666 0.12828538128273398 0.11785067413225693 right
104 1.7333333333333334 0.1267931335439276 0.12331510259834626 right
105 1.75 0.1250944613576908 0.11924220524164532 right
106 1.7666666666666666 0.13162086178934945 0.12381265236533297 right
107 1.7833333333333334 0.12722533977025205 0.12533365754274237 right
108 1.8 0.12596573523765164 0.12336548852886509 right
109 1.8166666666666667 0.1263270470300372 0.12326923086975888 right
110 1.8333333333333333 0.12900145226184742 0.12295259755599301 right
111 1.85 0.12680571130220553 0.12201276427335081 right
112 1.8666666666666667 0.1264373277582093 0.1239297601765635 right
113 1.8833333333333333 0.12499857294417693 0.12323697442616341 right
114 1.9 0.12690963442582073 0.12471849152971706 right
115 1.9166666666666667 0.12694183231561162 0.12290944028706918 right
116 1.9333333333333333 0.12686745803039226 0.12293222869767784 right
117 1.95 0.12585497436199336 0.12499142863356842 right
118 1.9666666666666666 0.13060049644250263 0.12567936942350166 right
119 1.9833333333333334 0.13009497009670593 0.12816720554539612 right
120 2.0 0.13038574999293487 0.1288085604785472 right
121 2.0166666666666666 0.1295094712671916 0.12886103924269093 right
122 2.033333333333333 0.13030876666754707 0.1255893110907129 right
123 2.05 0.12831744687394067 0.1241816282363939 right
124 2.066666666666667 0.12799887924901676 0.12541792540927 right
125 2.0833333333333335 0.12631938349184832 0.12751196801237386 right
126 2.1 0.1262044677370599 0.12740055135383183 right
127 2.1166666666666667 0.12473865952643375 0.12684374668853948 center
128 2.1333333333333333 0.12760465880276084 0.12327296315890982 right
129 2.15 0.12648728703996326 0.12721142244831332 right
130 2.1666666666666665 0.12809898115701177 0.12745148717080634 right
131 2.183333333333333 0.1279174839056322 0.1257034974722711 right
132 2.2 0.126806696892025 0.12445215594958856 right
133 2.216666666666667 0.12328890938325186 0.12289263974255653 right
134 2.2333333333333334 0.12415541744096074 0.1233830690208073 right
135 2.25 0.12469545193121136 0.12641602074210256 right
136 2.2666666666666666 0.12769969520607308 0.12644978469226378 right
137 2.283333333333333 0.12415876514520152 0.1240451650326874 right
138 2.3 0.12671116418852438 0.128040121987956 right
139 2.316666666666667 0.12917842799803675 0.12518724267354653 right
140 2.3333333333333335 0.12624805499903016 0.12490251099520926 right
141 2.35 0.13000465370362718 0.1255435577043516 right
142 2.3666666666666667 0.1275573233990914 0.12694016604518993 right
143 2.3833333333333333 0.12620239905861097 0.12661901725053587 right
144 2.4 0.12734794481976244 0.12659868420865608 right
145 2.4166666666666665 0.1281250190420097 0.12542083508847765 right
146 2.433333333333333 0.12667799852948008 0.1259829266458953 right
147 2.45 0.125705486092795 0.12125830822219356 right
148 2.466666666666667 0.12271121707073887 0.11861146916225151 right
149 2.4833333333333334 0.11417130910775847 0.10230354920058639 right
150 2.5 0.10279707967603377 0.09799800103867658 center
151 2.5166666666666666 0.08985047081273648 0.08805337660420488 center
152 2.533333333333333 0.08906507890142397 0.09398147990865852 right
153 2.55 0.09547481995729477 0.10141677538423573 center
154 2.566666666666667 0.09781071905359603 0.09734574323281368 center
155 2.5833333333333335 0.1042968025533834 0.09907207954263146 right
156 2.6 0.11159227370557752 0.10196268883672342 right
157 2.6166666666666667 0.1127907976500842 0.11273626024168751 right
158 2.6333333333333333 0.11519110092634738 0.10656349949539733 right
159 2.65 0.11859287734195847 0.1137493182851234 right
160 2.6666666666666665 0.12208886227834928 0.11474019551461903 right
161 2.683333333333333 0.12307137309240519 0.11695238000998301 right
162 2.7 0.11991491318589409 0.11774497715806045 right
163 2.716666666666667 0.1250958148856251 0.1201003297528155 right
164 2.7333333333333334 0.12228788791816957 0.1245578701330939 right
165 2.75 0.1242528682953832 0.12503946425298326 right
166 2.7666666666666666 0.12660404012205342 0.11938215934658065 right
167 2.783333333333333 0.12464519084298765 0.12369084875763102 right
168 2.8 0.1310616085327944 0.12104610197949414 right
169 2.816666666666667 0.1284873890628188 0.12396463977529762 right
170 2.8333333333333335 0.12537254772740147 0.12208472910467058 right
171 2.85 0.12653921443694938 0.11871735797559611 right
172 2.8666666666666667 0.12749216285170123 0.12229071213389762 right
173 2.8833333333333333 0.1289220808668794 0.12376109890430237 right
174 2.9 0.12471430288319231 0.12295747687805132 right
175 2.9166666666666665 0.12757240698446548 0.12574632044752965 right
176 2.933333333333333 0.12639395524206376 0.1227962760876742 right
177 2.95 0.12677720349667862 0.12085721602446088 right
178 2.966666666666667 0.12843447280156647 0.12471103891148219 right
179 2.9833333333333334 0.13035122335106034 0.12288328557715365 right
180 3.0 0.12252050250755664 0.12259867515070277 right
181 3.0166666666666666 0.1237347741366295 0.12148293216854268 right
182 3.033333333333333 0.12903030724714767 0.12604588202297104 right
183 3.05 0.12779708559731884 0.12713937331155 right
184 3.066666666666667 0.12882045882556933 0.12271779445378782 right
185 3.0833333333333335 0.12707073149713743 0.12589574831966974 right
186 3.1 0.12967128084124072 0.12778054239663045 right
187 3.1166666666666667 0.13013746362462603 0.12651358226729156 right
188 3.1333333333333333 0.1281761977856127 0.1214372844127127 right
189 3.15 0.12739945306068087 0.12739876387075805 right
190 3.1666666666666665 0.1282514672948385 0.12494279147147226 right
191 3.183333333333333 0.12821057179476314 0.12487428470532427 right
192 3.2 0.12631753446054508 0.13021216569045152 right
193 3.216666666666667 0.13100774412293298 0.1246779784073504 right
194 3.2333333333333334 0.12949474659470697 0.12441174782813413 right
195 3.25 0.12461198728914112 0.12381792813798609 right
196 3.2666666666666666 0.13010435709070214 0.11999363229801578 right
197 3.283333333333333 0.12692776737898223 0.1240722551748972 right
198 3.3 0.12928371449112538 0.12216076273805547 right
199 3.316666666666667 0.1297329725258736 0.12373646011296122 right
200 3.3333333333333335 0.12366534765992203 0.12439495928208584 right
201 3.35 0.12950057975526844 0.12238229664085189 right
202 3.3666666666666667 0.12557012711844903 0.12339667548368616 right
203 3.3833333333333333 0.126260854188235 0.12544033387820722 right
204 3.4 0.12797164991064933 0.12387523628767313 right
205 3.4166666666666665 0.1298293391331506 0.1229393223043255 right
206 3.433333333333333 0.12972879971407586 0.123478451202856 right
207 3.45 0.12972893588073472 0.12422166965888178 right
208 3.466666666666667 0.12962281879690637 0.12418643668618315 right
209 3.4833333333333334 0.12429456237697414 0.12384670414516036 right
210 3.5 0.13006127060591727 0.125147966338291 right
211 3.5166666666666666 0.12936101268385025 0.12139075290742314 right
212 3.533333333333333 0.1290428157159343 0.12310871523341677 right
213 3.55 0.13044495751191465 0.11910785489198306 right
214 3.566666666666667 0.12871723873361066 0.12307198674065059 right
215 3.5833333333333335 0.12937115619142256 0.12567960037802423 right
216 3.6 0.1299990747875642 0.1269465742789249 right
217 3.6166666666666667 0.12743842837130392 0.12081038688767691 right
218 3.6333333333333333 0.12363666880722282 0.12441625264110642 right
219 3.65 0.12958728149712434 0.1232311082722596 right
220 3.6666666666666665 0.1298698012566568 0.12066522535708314 right
221 3.683333333333333 0.12871770778742597 0.12187069475867393 right
222 3.7 0.12897419543539324 0.12515280235590323 right
223 3.716666666666667 0.13043606434195876 0.12357172134271116 right
224 3.7333333333333334 0.12882890405934716 0.12935841429263134 right
225 3.75 0.12855955370328578 0.12187050509628121 right
226 3.7666666666666666 0.13078958597247958 0.12334229431479399 right
227 3.783333333333333 0.1284127839280815 0.12404310632957338 right
228 3.8 0.13055080680524905 0.12349687637861932 right
229 3.816666666666667 0.1309566272149163 0.12059528448124592 right
230 3.8333333333333335 0.12881457096832447 0.12239136787798258 right
231 3.85 0.12904639428127646 0.12619472581394406 right
232 3.8666666666666667 0.13252748740125556 0.12638196736675655 right
233 3.8833333333333333 0.12674578792883606 0.12733695295670122 right
234 3.9 0.12644912923317722 0.124814749327394 right
235 3.9166666666666665 0.13231163909120813 0.12380506472670522 right
236 3.933333333333333 0.13151642865440089 0.12342447694014748 right
237 3.95 0.13254760624414277 0.1253360510497243 right
238 3.966666666666667 0.1290989520597432 0.12356261131347154 right
239 3.9833333333333334 0.13144068859096586 0.12531764144497057 right
240 4.0 0.12953905175877814 0.1284293098297137 right
241 4.016666666666667 0.13103059644221468 0.1235890854388722 right
242 4.033333333333333 0.12841907538166167 0.12198515063339392 right
243 4.05 0.1245513315307988 0.12040473673928062 right
244 4.066666666666666 0.13288954288806823 0.12604800284015993 right
245 4.083333333333333 0.12963410683023507 0.12406490107310945 right
246 4.1 0.1286143575651677 0.12106489849836645 right
247 4.116666666666666 0.1300376978683736 0.12137897929429046 right
248 4.133333333333334 0.12667633479203028 0.11986174991958452 right
249 4.15 0.12857494212130724 0.12463856142593001 right
250 4.166666666666667 0.13138393533274834 0.12629202631191758 right
251 4.183333333333334 0.1301615474979137 0.12658042832048863 right
252 4.2 0.13094760122362648 0.12625096429421181 right
253 4.216666666666667 0.13029330322948582 0.1294373510255121 right
254 4.233333333333333 0.13149972531192627 0.13016525923654235 right
255 4.25 0.1268261947037271 0.12691434150190445 right
256 4.266666666666667 0.1306618705790454 0.1283008976118076 right
257 4.283333333333333 0.13067477001076958 0.12914606506262616 right
258 4.3 0.12737686716866387 0.13236208700234475 right
259 4.316666666666666 0.13459173869713267 0.12746205024351473 right
260 4.333333333333333 0.1284392526413861 0.129131476845898 right
261 4.35 0.1318858987441694 0.12783052765603103 right
262 4.366666666666666 0.1311737176898436 0.12417572566356434 right
263 4.383333333333334 0.12994247648604446 0.12370278421095451 right
264 4.4 0.13122759786371438 0.12540804085725307 right
265 4.416666666666667 0.13373609676974463 0.1258457399663969 right
266 4.433333333333334 0.1319267881653632 0.12849548905356994 right
267 4.45 0.12943951495029715 0.12753951885134546 right
268 4.466666666666667 0.1325657407021128 0.12835897446018468 right
269 4.483333333333333 0.13368249239693522 0.12820968860303772 right
270 4.5 0.13343627227705737 0.12778912471105724 right
271 4.516666666666667 0.13251688120181077 0.12822210456291616 right
272 4.533333333333333 0.12899471292611223 0.12468990032182141 right
273 4.55 0.13042505444713412 0.12870690130916237 right
274 4.566666666666666 0.13159330478071526 0.12393545562797215 right
275 4.583333333333333 0.12627832711963047 0.12412056329124992 right
276 4.6 0.128106912079022 0.12382524839188477 right
277 4.616666666666666 0.1345984591031273 0.12342981567626976 right
278 4.633333333333334 0.13062160113260637 0.12742779822322628 right
279 4.65 0.13204214814065593 0.12343572052868583 right
280 4.666666666666667 0.12951505077104225 0.12998997249352517 right
281 4.683333333333334 0.13313449866783464 0.12798506470286314 right
282 4.7 0.12858590166861286 0.12838498645104465 right
283 4.716666666666667 0.12983132919320806 0.12382948691809183 right
284 4.733333333333333 0.13278532780270141 0.12497725855112442 right
285 4.75 0.13180038900601201 0.12276135609677863 right
286 4.766666666666667 0.1312360784118014 0.12825905728163545 right
287 4.783333333333333 0.1313520074478302 0.12747809431656792 right
288 4.8 0.1311448441444535 0.12172101901205781 right
289 4.816666666666666 0.13073291664804795 0.1271063755727556 right
290 4.833333333333333 0.13453326660146903 0.12742631536804638 right
291 4.85 0.1314337646438568 0.12598068266970483 right
292 4.866666666666666 0.13014111867837094 0.12763776595153103 right
293 4.883333333333334 0.12995523034983697 0.12782213016399058 right
294 4.9 0.1314357636894635 0.12425614860643913 right
295 4.916666666666667 0.1290222130711542 0.12002250229070502 right
296 4.933333333333334 0.12957272079163729 0.12597034367543058 right
297 4.95 0.12749301670859578 0.12976266887349952 right
298 4.966666666666667 0.13010701344839523 0.1281324873198705 right
299 4.983333333333333 0.12955139253029738 0.12531650527167612 right
300 5.0 0.1294428906104221 0.1284298164243717 right
301 5.016666666666667 0.13109942989255968 0.12797887465021984 right
302 5.033333333333333 0.12929249395502035 0.12594149147854528 right
303 5.05 0.13243381007310495 0.1256305035250892 right
304 5.066666666666666 0.13079451374131834 0.1231596592962352 right
305 5.083333333333333 0.13245454404538212 0.11917326899394606 right
306 5.1 0.12981591495639383 0.12406339211413016 right
307 5.116666666666666 0.12725014979904992 0.12874646323840638 right
308 5.133333333333334 0.1300452234853442 0.12479946853154282 right
309 5.15 0.12883893741434224 0.1281637139584486 right
310 5.166666666666667 0.13159672042859982 0.12488625038991544 right
311 5.183333333333334 0.13335096455141834 0.123758721864976 right
312 5.2 0.13349546472871945 0.12459201010380226 right
313 5.216666666666667 0.13275908080178758 0.12277409043420515 right
314 5.233333333333333 0.1291579505479152 0.1251983831215945 right
315 5.25 0.12994716273286508 0.12175765928035441 right
316 5.266666666666667 0.13001092328724337 0.12467051547510177 right
317 5.283333333333333 0.1296257581907538 0.12080091655992795 right
318 5.3 0.12948267670515054 0.11929347354748286 right
319 5.316666666666666 0.1278373918232735 0.12416364376835935 right
320 5.333333333333333 0.1343345363989338 0.12150099592860622 right
321 5.35 0.12935260600353107 0.12215185139951483 right
322 5.366666666666666 0.1311638400568883 0.12179214104133619 right
323 5.383333333333334 0.13295606579319413 0.11984136304953165 right
324 5.4 0.12940852004822934 0.12257842341853471 right
325 5.416666666666667 0.13162200068792834 0.12300383134374596 right
326 5.433333333333334 0.12906273039900779 0.1257975151171464 right
327 5.45 0.1304821721929477 0.1246568500324381 right
328 5.466666666666667 0.1304587626372293 0.12353427621566318 right
329 5.483333333333333 0.13050316162780726 0.12241212673481636 right
330 5.5 0.12967429689988474 0.12487038119506891 right
331 5.516666666666667 0.1321652093461629 0.12324062318055903 right
332 5.533333333333333 0.12639883181242437 0.12331336350188098 right
333 5.55 0.1299979426075369 0.1245505766644795 right
334 5.566666666666666 0.13058568557293423 0.12350313157963261 right
335 5.583333333333333 0.1271621898450795 0.12074146928828709 right
336 5.6 0.12521516573686722 0.12269489504195724 right
337 5.616666666666666 0.12934186352364924 0.12076265848488775 right
338 5.633333333333334 0.12768965519918532 0.12508563418750807 right
339 5.65 0.12762563195849286 0.12455039924303955 right
340 5.666666666666667 0.13059344041346282 0.12238778246048826 right
341 5.683333333333334 0.12906304822786208 0.12348593383948435 right
342 5.7 0.12986923196308398 0.12466372607810554 right
343 5.716666666666667 0.13409076174061482 0.12240219201948753 right
344 5.733333333333333 0.1293477894697375 0.12034949296465747 right
345 5.75 0.12859630078510598 0.12317852838366516 right
346 5.766666666666667 0.13084175798662337 0.12041205312236165 right
347 5.783333333333333 0.12832980581412579 0.12465257724942619 right
348 5.8 0.12826478886167839 0.12440064795739963 right
349 5.816666666666666 0.128460176899504 0.12003365173817325 right
350 5.833333333333333 0.12442962284094664 0.12234609783452123 right
351 5.85 0.12620591230318748 0.1215374321462335 right
352 5.866666666666666 0.1220439346298851 0.1205409759428143 right
353 5.883333333333334 0.12212993887933174 0.12033968216175352 right
354 5.9 0.1190763141535978 0.12234178015401821 right
355 5.916666666666667 0.12625352511815363 0.11895783523671914 right
356 5.933333333333334 0.12502205465348665 0.12004543871363298 right
357 5.95 0.12053867736364327 0.1210108356903874 right
358 5.966666666666667 0.11712793165750868 0.11373430252418867 right
359 5.983333333333333 0.09714145525707207 0.09644957438243375 right
360 6.0 0.07024932345220687 0.0795640927499898 right
361 6.016666666666667 0.02417673627920413 0.048879171310149974 center
362 6.033333333333333 0.021093360693847502 0.04357441635156979 right
363 6.05 0.027522610069626766 0.03612439528277235 right
364 6.066666666666666 0.0571101544439613 0.07590078629559302 right
365 6.083333333333333 0.07214357624641443 0.08318300372089533 right
366 6.1 0.08225539006312672 0.09182671326660458 right
367 6.116666666666666 0.09505107389138011 0.10010912720500689 right
368 6.133333333333334 0.10196983039774798 0.10610468159366532 right
369 6.15 0.10177662075497843 0.10418589785616297 right
370 6.166666666666667 0.10643818706589218 0.10009925242967109 right
371 6.183333333333334 0.11186759751264837 0.10552149672116747 right
372 6.2 0.116244921015403 0.11209757290815159 right
373 6.216666666666667 0.116984329871108 0.11559198399402301 right
374 6.233333333333333 0.12017643387730326 0.1146617752841904 right
375 6.25 0.12121208165756858 0.11652492693991372 right
376 6.266666666666667 0.1210544253015783 0.1147890109886726 right
377 6.283333333333333 0.12144485345255114 0.11936610223296308 right
378 6.3 0.11435898126964567 0.1184098502735187 right
379 6.316666666666666 0.11783359020456773 0.11916289767382197 right
380 6.333333333333333 0.11614327176000615 0.11552612056640767 right
381 6.35 0.11496142664104617 0.11513664146384278 right
382 6.366666666666666 0.11994737625444239 0.118453441411018 right
383 6.383333333333334 0.11779320008986033 0.12065591792720194 right
384 6.4 0.11753263229213469 0.11932154499894418 right
385 6.416666666666667 0.11701327680510713 0.12238443329215522 right
386 6.433333333333334 0.12043486929214127 0.12065451593377931 right
387 6.45 0.12194185589652277 0.11890986786896933 right
388 6.466666666666667 0.11741570355266154 0.11931628681542163 right
389 6.483333333333333 0.11847474106601129 0.11833320577601097 right
390 6.5 0.11799076570728138 0.11823985198059285 right
391 6.516666666666667 0.1203995026946147 0.11918786721542556 right
392 6.533333333333333 0.12054562372822514 0.11729645319948624 right
393 6.55 0.11631580068706822 0.11748704237777992 right
394 6.566666666666666 0.11917542270789853 0.12056679567378674 right
395 6.583333333333333 0.11960259858844212 0.11258821832183326 right
396 6.6 0.11994091475153797 0.11697823218381215 right
397 6.616666666666666 0.12249007402325016 0.11505955227754416 right
398 6.633333333333334 0.12088647409837322 0.1192273175707826 right
399 6.65 0.12202103094985836 0.12003104575608319 right
400 6.666666666666667 0.120498793942856 0.11875983948684515 right
401 6.683333333333334 0.12461615769621812 0.11960341763896905 right
402 6.7 0.11744065095204519 0.12177643991021352 right
403 6.716666666666667 0.11861907888867053 0.12575372671613963 right
404 6.733333333333333 0.11824421825950565 0.1246547296345255 right
405 6.75 0.11976316261826497 0.12318793195141178 right
406 6.766666666666667 0.12135459788315088 0.12520626047495953 right
407 6.783333333333333 0.11841007950455439 0.12110614084900011 right
408 6.8 0.11787223690044378 0.12361876628652378 right
409 6.816666666666666 0.12361560708056492 0.11828986291997293 right
410 6.833333333333333 0.12356008964466253 0.11173265059933547 right
411 6.85 0.12055534224198061 0.11657280179744792 right
412 6.866666666666666 0.12065497618654228 0.11807990214705931 right
413 6.883333333333334 0.12081338240564182 0.1226323334523083 right
414 6.9 0.1194222996853065 0.11847944810909135 right
415 6.916666666666667 0.12240365117917056 0.11954523101442797 right
416 6.933333333333334 0.11848728013392766 0.12383429832691159 right
417 6.95 0.11771308503376186 0.12230520632325119 right
418 6.966666666666667 0.11779133114642262 0.12279839664814994 right
419 6.983333333333333 0.11834662419000581 0.12019288692486987 right
420 7.0 0.11766066446855529 0.1194041325048996 right
421 7.016666666666667 0.11902192959514252 0.1205375839258677 right
422 7.033333333333333 0.12242710745694958 0.11466115700578688 right
423 7.05 0.1168973974639053 0.11812837517738026 right
424 7.066666666666666 0.11692817644944938 0.11956648098954838 right
425 7.083333333333333 0.12072280191551996 0.12279365194451901 right
426 7.1 0.11932757752673667 0.12254138630327702 right
427 7.116666666666666 0.11987482885056591 0.11487872553824688 right
428 7.133333333333334 0.11867075122224591 0.12100215531403238 right
429 7.15 0.11912449805216387 0.1200923992379463 right
430 7.166666666666667 0.12552166872687473 0.12178964454034143 right
431 7.183333333333334 0.12156764315922584 0.11945610778369252 right
432 7.2 0.12190648614486925 0.12179733315356196 right
433 7.216666666666667 0.11804022835811136 0.12055838218321296 right
434 7.233333333333333 0.11951100444276223 0.11778681493913437 right
435 7.25 0.12136474689896445 0.12220497200453163 right
436 7.266666666666667 0.12456231407471544 0.12589643969275535 right
437 7.283333333333333 0.12219983950168829 0.12243958714540087 right
438 7.3 0.12154270885275026 0.1220872793821722 right
439 7.316666666666666 0.12066664705545706 0.12312943603136481 right
440 7.333333333333333 0.1241400493578347 0.12633671311945885 right
441 7.35 0.12520566839691147 0.12624761470584975 right
442 7.366666666666666 0.12313856146278998 0.12827817354239926 right
443 7.383333333333334 0.12192574012238636 0.1235911276369161 right
444 7.4 0.12035796425874466 0.12434714242769283 right
445 7.416666666666667 0.12416577876972262 0.12281564884309423 right
446 7.433333333333334 0.12453835292711384 0.12272064541635232 right
447 7.45 0.12379461122636097 0.12263544597256905 right
448 7.466666666666667 0.12374248766012229 0.12377804758298752 right
449 7.483333333333333 0.12593612145632124 0.12385923708591627 right
450 7.5 0.12017576439217272 0.12327306502806554 right
451 7.516666666666667 0.12176427862214721 0.11969749675557999 right
452 7.533333333333333 0.12355452374262701 0.12439329377593977 right
453 7.55 0.12542885252871838 0.1221512877631559 right
454 7.566666666666666 0.1239334983096143 0.11903353386570677 right
455 7.583333333333333 0.12293263005725766 0.12623247508392124 right
456 7.6 0.12225710478782904 0.11598572574669869 right
457 7.616666666666666 0.12352362622268338 0.11857877304027138 right
458 7.633333333333334 0.12260665597869605 0.12118210171386296 right
459 7.65 0.12338191081366319 0.12115003243481638 right

